Epoch Num: 1
[3.89878628255771]

Epoch Num: 2
[3.89878628255771, 3.6925684288639617]

Epoch Num: 3
[3.89878628255771, 3.6925684288639617, 3.713188141365656]

Epoch Num: 4
[3.89878628255771, 3.6925684288639617, 3.713188141365656, 3.7760263889358594]

Epoch Num: 5
[3.89878628255771, 3.6925684288639617, 3.713188141365656, 3.7760263889358594, 3.4914557088572957]

Epoch Num: 6
[3.89878628255771, 3.6925684288639617, 3.713188141365656, 3.7760263889358594, 3.4914557088572957, 3.4995001351035997]

Epoch Num: 7
[3.89878628255771, 3.6925684288639617, 3.713188141365656, 3.7760263889358594, 3.4914557088572957, 3.4995001351035997, 3.3125231615306197]

Epoch Num: 8
[3.89878628255771, 3.6925684288639617, 3.713188141365656, 3.7760263889358594, 3.4914557088572957, 3.4995001351035997, 3.3125231615306197, 3.357643412359053]

Epoch Num: 9
[3.89878628255771, 3.6925684288639617, 3.713188141365656, 3.7760263889358594, 3.4914557088572957, 3.4995001351035997, 3.3125231615306197, 3.357643412359053, 3.358300292072356]

Epoch Num: 10
[3.89878628255771, 3.6925684288639617, 3.713188141365656, 3.7760263889358594, 3.4914557088572957, 3.4995001351035997, 3.3125231615306197, 3.357643412359053, 3.358300292072356, 3.2449021346765647]

Epoch Num: 11
[3.89878628255771, 3.6925684288639617, 3.713188141365656, 3.7760263889358594, 3.4914557088572957, 3.4995001351035997, 3.3125231615306197, 3.357643412359053, 3.358300292072356, 3.2449021346765647, 3.2571789185915136]

Epoch Num: 12
[3.89878628255771, 3.6925684288639617, 3.713188141365656, 3.7760263889358594, 3.4914557088572957, 3.4995001351035997, 3.3125231615306197, 3.357643412359053, 3.358300292072356, 3.2449021346765647, 3.2571789185915136, 3.2127277960859137]

Epoch Num: 13
[3.89878628255771, 3.6925684288639617, 3.713188141365656, 3.7760263889358594, 3.4914557088572957, 3.4995001351035997, 3.3125231615306197, 3.357643412359053, 3.358300292072356, 3.2449021346765647, 3.2571789185915136, 3.2127277960859137, 3.0378196252456187]

Epoch Num: 14
[3.89878628255771, 3.6925684288639617, 3.713188141365656, 3.7760263889358594, 3.4914557088572957, 3.4995001351035997, 3.3125231615306197, 3.357643412359053, 3.358300292072356, 3.2449021346765647, 3.2571789185915136, 3.2127277960859137, 3.0378196252456187, 3.008769843152317]

Epoch Num: 15
[3.89878628255771, 3.6925684288639617, 3.713188141365656, 3.7760263889358594, 3.4914557088572957, 3.4995001351035997, 3.3125231615306197, 3.357643412359053, 3.358300292072356, 3.2449021346765647, 3.2571789185915136, 3.2127277960859137, 3.0378196252456187, 3.008769843152317, 2.896966689415041]

Epoch Num: 16
[3.89878628255771, 3.6925684288639617, 3.713188141365656, 3.7760263889358594, 3.4914557088572957, 3.4995001351035997, 3.3125231615306197, 3.357643412359053, 3.358300292072356, 3.2449021346765647, 3.2571789185915136, 3.2127277960859137, 3.0378196252456187, 3.008769843152317, 2.896966689415041, 2.9376026672360824]

Epoch Num: 17
[3.89878628255771, 3.6925684288639617, 3.713188141365656, 3.7760263889358594, 3.4914557088572957, 3.4995001351035997, 3.3125231615306197, 3.357643412359053, 3.358300292072356, 3.2449021346765647, 3.2571789185915136, 3.2127277960859137, 3.0378196252456187, 3.008769843152317, 2.896966689415041, 2.9376026672360824, 2.6544604889666394]

Epoch Num: 18
[3.89878628255771, 3.6925684288639617, 3.713188141365656, 3.7760263889358594, 3.4914557088572957, 3.4995001351035997, 3.3125231615306197, 3.357643412359053, 3.358300292072356, 3.2449021346765647, 3.2571789185915136, 3.2127277960859137, 3.0378196252456187, 3.008769843152317, 2.896966689415041, 2.9376026672360824, 2.6544604889666394, 2.498313193148198]

Epoch Num: 19
[3.89878628255771, 3.6925684288639617, 3.713188141365656, 3.7760263889358594, 3.4914557088572957, 3.4995001351035997, 3.3125231615306197, 3.357643412359053, 3.358300292072356, 3.2449021346765647, 3.2571789185915136, 3.2127277960859137, 3.0378196252456187, 3.008769843152317, 2.896966689415041, 2.9376026672360824, 2.6544604889666394, 2.498313193148198, 2.6830424842065637]

Epoch Num: 20
[3.89878628255771, 3.6925684288639617, 3.713188141365656, 3.7760263889358594, 3.4914557088572957, 3.4995001351035997, 3.3125231615306197, 3.357643412359053, 3.358300292072356, 3.2449021346765647, 3.2571789185915136, 3.2127277960859137, 3.0378196252456187, 3.008769843152317, 2.896966689415041, 2.9376026672360824, 2.6544604889666394, 2.498313193148198, 2.6830424842065637, 2.4064267839793536]

Epoch Num: 21
[3.89878628255771, 3.6925684288639617, 3.713188141365656, 3.7760263889358594, 3.4914557088572957, 3.4995001351035997, 3.3125231615306197, 3.357643412359053, 3.358300292072356, 3.2449021346765647, 3.2571789185915136, 3.2127277960859137, 3.0378196252456187, 3.008769843152317, 2.896966689415041, 2.9376026672360824, 2.6544604889666394, 2.498313193148198, 2.6830424842065637, 2.4064267839793536, 2.3596034379937145]

Epoch Num: 22
[3.89878628255771, 3.6925684288639617, 3.713188141365656, 3.7760263889358594, 3.4914557088572957, 3.4995001351035997, 3.3125231615306197, 3.357643412359053, 3.358300292072356, 3.2449021346765647, 3.2571789185915136, 3.2127277960859137, 3.0378196252456187, 3.008769843152317, 2.896966689415041, 2.9376026672360824, 2.6544604889666394, 2.498313193148198, 2.6830424842065637, 2.4064267839793536, 2.3596034379937145, 2.2835526037714606]

Epoch Num: 23
[3.89878628255771, 3.6925684288639617, 3.713188141365656, 3.7760263889358594, 3.4914557088572957, 3.4995001351035997, 3.3125231615306197, 3.357643412359053, 3.358300292072356, 3.2449021346765647, 3.2571789185915136, 3.2127277960859137, 3.0378196252456187, 3.008769843152317, 2.896966689415041, 2.9376026672360824, 2.6544604889666394, 2.498313193148198, 2.6830424842065637, 2.4064267839793536, 2.3596034379937145, 2.2835526037714606, 2.236596059371849]

Epoch Num: 24
[3.89878628255771, 3.6925684288639617, 3.713188141365656, 3.7760263889358594, 3.4914557088572957, 3.4995001351035997, 3.3125231615306197, 3.357643412359053, 3.358300292072356, 3.2449021346765647, 3.2571789185915136, 3.2127277960859137, 3.0378196252456187, 3.008769843152317, 2.896966689415041, 2.9376026672360824, 2.6544604889666394, 2.498313193148198, 2.6830424842065637, 2.4064267839793536, 2.3596034379937145, 2.2835526037714606, 2.236596059371849, 2.3310519752851273]

Epoch Num: 25
[3.89878628255771, 3.6925684288639617, 3.713188141365656, 3.7760263889358594, 3.4914557088572957, 3.4995001351035997, 3.3125231615306197, 3.357643412359053, 3.358300292072356, 3.2449021346765647, 3.2571789185915136, 3.2127277960859137, 3.0378196252456187, 3.008769843152317, 2.896966689415041, 2.9376026672360824, 2.6544604889666394, 2.498313193148198, 2.6830424842065637, 2.4064267839793536, 2.3596034379937145, 2.2835526037714606, 2.236596059371849, 2.3310519752851273, 2.0998379328217815]

Epoch Num: 26
[3.89878628255771, 3.6925684288639617, 3.713188141365656, 3.7760263889358594, 3.4914557088572957, 3.4995001351035997, 3.3125231615306197, 3.357643412359053, 3.358300292072356, 3.2449021346765647, 3.2571789185915136, 3.2127277960859137, 3.0378196252456187, 3.008769843152317, 2.896966689415041, 2.9376026672360824, 2.6544604889666394, 2.498313193148198, 2.6830424842065637, 2.4064267839793536, 2.3596034379937145, 2.2835526037714606, 2.236596059371849, 2.3310519752851273, 2.0998379328217815, 2.195924171856206]

Epoch Num: 27
[3.89878628255771, 3.6925684288639617, 3.713188141365656, 3.7760263889358594, 3.4914557088572957, 3.4995001351035997, 3.3125231615306197, 3.357643412359053, 3.358300292072356, 3.2449021346765647, 3.2571789185915136, 3.2127277960859137, 3.0378196252456187, 3.008769843152317, 2.896966689415041, 2.9376026672360824, 2.6544604889666394, 2.498313193148198, 2.6830424842065637, 2.4064267839793536, 2.3596034379937145, 2.2835526037714606, 2.236596059371849, 2.3310519752851273, 2.0998379328217815, 2.195924171856206, 2.1907811290833155]

Epoch Num: 28
[3.89878628255771, 3.6925684288639617, 3.713188141365656, 3.7760263889358594, 3.4914557088572957, 3.4995001351035997, 3.3125231615306197, 3.357643412359053, 3.358300292072356, 3.2449021346765647, 3.2571789185915136, 3.2127277960859137, 3.0378196252456187, 3.008769843152317, 2.896966689415041, 2.9376026672360824, 2.6544604889666394, 2.498313193148198, 2.6830424842065637, 2.4064267839793536, 2.3596034379937145, 2.2835526037714606, 2.236596059371849, 2.3310519752851273, 2.0998379328217815, 2.195924171856206, 2.1907811290833155, 2.1780215138444183]

Epoch Num: 29
[3.89878628255771, 3.6925684288639617, 3.713188141365656, 3.7760263889358594, 3.4914557088572957, 3.4995001351035997, 3.3125231615306197, 3.357643412359053, 3.358300292072356, 3.2449021346765647, 3.2571789185915136, 3.2127277960859137, 3.0378196252456187, 3.008769843152317, 2.896966689415041, 2.9376026672360824, 2.6544604889666394, 2.498313193148198, 2.6830424842065637, 2.4064267839793536, 2.3596034379937145, 2.2835526037714606, 2.236596059371849, 2.3310519752851273, 2.0998379328217815, 2.195924171856206, 2.1907811290833155, 2.1780215138444183, 2.054966911437915]

Epoch Num: 30
[3.89878628255771, 3.6925684288639617, 3.713188141365656, 3.7760263889358594, 3.4914557088572957, 3.4995001351035997, 3.3125231615306197, 3.357643412359053, 3.358300292072356, 3.2449021346765647, 3.2571789185915136, 3.2127277960859137, 3.0378196252456187, 3.008769843152317, 2.896966689415041, 2.9376026672360824, 2.6544604889666394, 2.498313193148198, 2.6830424842065637, 2.4064267839793536, 2.3596034379937145, 2.2835526037714606, 2.236596059371849, 2.3310519752851273, 2.0998379328217815, 2.195924171856206, 2.1907811290833155, 2.1780215138444183, 2.054966911437915, 2.160381484344712]

Epoch Num: 31
[3.89878628255771, 3.6925684288639617, 3.713188141365656, 3.7760263889358594, 3.4914557088572957, 3.4995001351035997, 3.3125231615306197, 3.357643412359053, 3.358300292072356, 3.2449021346765647, 3.2571789185915136, 3.2127277960859137, 3.0378196252456187, 3.008769843152317, 2.896966689415041, 2.9376026672360824, 2.6544604889666394, 2.498313193148198, 2.6830424842065637, 2.4064267839793536, 2.3596034379937145, 2.2835526037714606, 2.236596059371849, 2.3310519752851273, 2.0998379328217815, 2.195924171856206, 2.1907811290833155, 2.1780215138444183, 2.054966911437915, 2.160381484344712, 2.0224825725905493]

Epoch Num: 32
[3.89878628255771, 3.6925684288639617, 3.713188141365656, 3.7760263889358594, 3.4914557088572957, 3.4995001351035997, 3.3125231615306197, 3.357643412359053, 3.358300292072356, 3.2449021346765647, 3.2571789185915136, 3.2127277960859137, 3.0378196252456187, 3.008769843152317, 2.896966689415041, 2.9376026672360824, 2.6544604889666394, 2.498313193148198, 2.6830424842065637, 2.4064267839793536, 2.3596034379937145, 2.2835526037714606, 2.236596059371849, 2.3310519752851273, 2.0998379328217815, 2.195924171856206, 2.1907811290833155, 2.1780215138444183, 2.054966911437915, 2.160381484344712, 2.0224825725905493, 2.105850876017892]

Epoch Num: 33
[3.89878628255771, 3.6925684288639617, 3.713188141365656, 3.7760263889358594, 3.4914557088572957, 3.4995001351035997, 3.3125231615306197, 3.357643412359053, 3.358300292072356, 3.2449021346765647, 3.2571789185915136, 3.2127277960859137, 3.0378196252456187, 3.008769843152317, 2.896966689415041, 2.9376026672360824, 2.6544604889666394, 2.498313193148198, 2.6830424842065637, 2.4064267839793536, 2.3596034379937145, 2.2835526037714606, 2.236596059371849, 2.3310519752851273, 2.0998379328217815, 2.195924171856206, 2.1907811290833155, 2.1780215138444183, 2.054966911437915, 2.160381484344712, 2.0224825725905493, 2.105850876017892, 2.0857151479969476]

Epoch Num: 34
[3.89878628255771, 3.6925684288639617, 3.713188141365656, 3.7760263889358594, 3.4914557088572957, 3.4995001351035997, 3.3125231615306197, 3.357643412359053, 3.358300292072356, 3.2449021346765647, 3.2571789185915136, 3.2127277960859137, 3.0378196252456187, 3.008769843152317, 2.896966689415041, 2.9376026672360824, 2.6544604889666394, 2.498313193148198, 2.6830424842065637, 2.4064267839793536, 2.3596034379937145, 2.2835526037714606, 2.236596059371849, 2.3310519752851273, 2.0998379328217815, 2.195924171856206, 2.1907811290833155, 2.1780215138444183, 2.054966911437915, 2.160381484344712, 2.0224825725905493, 2.105850876017892, 2.0857151479969476, 1.8915778760459907]

Epoch Num: 35
[3.89878628255771, 3.6925684288639617, 3.713188141365656, 3.7760263889358594, 3.4914557088572957, 3.4995001351035997, 3.3125231615306197, 3.357643412359053, 3.358300292072356, 3.2449021346765647, 3.2571789185915136, 3.2127277960859137, 3.0378196252456187, 3.008769843152317, 2.896966689415041, 2.9376026672360824, 2.6544604889666394, 2.498313193148198, 2.6830424842065637, 2.4064267839793536, 2.3596034379937145, 2.2835526037714606, 2.236596059371849, 2.3310519752851273, 2.0998379328217815, 2.195924171856206, 2.1907811290833155, 2.1780215138444183, 2.054966911437915, 2.160381484344712, 2.0224825725905493, 2.105850876017892, 2.0857151479969476, 1.8915778760459907, 1.9999535901209633]

Epoch Num: 36
[3.89878628255771, 3.6925684288639617, 3.713188141365656, 3.7760263889358594, 3.4914557088572957, 3.4995001351035997, 3.3125231615306197, 3.357643412359053, 3.358300292072356, 3.2449021346765647, 3.2571789185915136, 3.2127277960859137, 3.0378196252456187, 3.008769843152317, 2.896966689415041, 2.9376026672360824, 2.6544604889666394, 2.498313193148198, 2.6830424842065637, 2.4064267839793536, 2.3596034379937145, 2.2835526037714606, 2.236596059371849, 2.3310519752851273, 2.0998379328217815, 2.195924171856206, 2.1907811290833155, 2.1780215138444183, 2.054966911437915, 2.160381484344712, 2.0224825725905493, 2.105850876017892, 2.0857151479969476, 1.8915778760459907, 1.9999535901209633, 2.049036318344039]

Epoch Num: 37
[3.89878628255771, 3.6925684288639617, 3.713188141365656, 3.7760263889358594, 3.4914557088572957, 3.4995001351035997, 3.3125231615306197, 3.357643412359053, 3.358300292072356, 3.2449021346765647, 3.2571789185915136, 3.2127277960859137, 3.0378196252456187, 3.008769843152317, 2.896966689415041, 2.9376026672360824, 2.6544604889666394, 2.498313193148198, 2.6830424842065637, 2.4064267839793536, 2.3596034379937145, 2.2835526037714606, 2.236596059371849, 2.3310519752851273, 2.0998379328217815, 2.195924171856206, 2.1907811290833155, 2.1780215138444183, 2.054966911437915, 2.160381484344712, 2.0224825725905493, 2.105850876017892, 2.0857151479969476, 1.8915778760459907, 1.9999535901209633, 2.049036318344039, 1.9579891274365369]

Epoch Num: 38
[3.89878628255771, 3.6925684288639617, 3.713188141365656, 3.7760263889358594, 3.4914557088572957, 3.4995001351035997, 3.3125231615306197, 3.357643412359053, 3.358300292072356, 3.2449021346765647, 3.2571789185915136, 3.2127277960859137, 3.0378196252456187, 3.008769843152317, 2.896966689415041, 2.9376026672360824, 2.6544604889666394, 2.498313193148198, 2.6830424842065637, 2.4064267839793536, 2.3596034379937145, 2.2835526037714606, 2.236596059371849, 2.3310519752851273, 2.0998379328217815, 2.195924171856206, 2.1907811290833155, 2.1780215138444183, 2.054966911437915, 2.160381484344712, 2.0224825725905493, 2.105850876017892, 2.0857151479969476, 1.8915778760459907, 1.9999535901209633, 2.049036318344039, 1.9579891274365369, 1.897083822493804]

Epoch Num: 39
[3.89878628255771, 3.6925684288639617, 3.713188141365656, 3.7760263889358594, 3.4914557088572957, 3.4995001351035997, 3.3125231615306197, 3.357643412359053, 3.358300292072356, 3.2449021346765647, 3.2571789185915136, 3.2127277960859137, 3.0378196252456187, 3.008769843152317, 2.896966689415041, 2.9376026672360824, 2.6544604889666394, 2.498313193148198, 2.6830424842065637, 2.4064267839793536, 2.3596034379937145, 2.2835526037714606, 2.236596059371849, 2.3310519752851273, 2.0998379328217815, 2.195924171856206, 2.1907811290833155, 2.1780215138444183, 2.054966911437915, 2.160381484344712, 2.0224825725905493, 2.105850876017892, 2.0857151479969476, 1.8915778760459907, 1.9999535901209633, 2.049036318344039, 1.9579891274365369, 1.897083822493804, 1.9117380183056765]

Epoch Num: 40
[3.89878628255771, 3.6925684288639617, 3.713188141365656, 3.7760263889358594, 3.4914557088572957, 3.4995001351035997, 3.3125231615306197, 3.357643412359053, 3.358300292072356, 3.2449021346765647, 3.2571789185915136, 3.2127277960859137, 3.0378196252456187, 3.008769843152317, 2.896966689415041, 2.9376026672360824, 2.6544604889666394, 2.498313193148198, 2.6830424842065637, 2.4064267839793536, 2.3596034379937145, 2.2835526037714606, 2.236596059371849, 2.3310519752851273, 2.0998379328217815, 2.195924171856206, 2.1907811290833155, 2.1780215138444183, 2.054966911437915, 2.160381484344712, 2.0224825725905493, 2.105850876017892, 2.0857151479969476, 1.8915778760459907, 1.9999535901209633, 2.049036318344039, 1.9579891274365369, 1.897083822493804, 1.9117380183056765, 1.7619718967509375]

Epoch Num: 41
[3.89878628255771, 3.6925684288639617, 3.713188141365656, 3.7760263889358594, 3.4914557088572957, 3.4995001351035997, 3.3125231615306197, 3.357643412359053, 3.358300292072356, 3.2449021346765647, 3.2571789185915136, 3.2127277960859137, 3.0378196252456187, 3.008769843152317, 2.896966689415041, 2.9376026672360824, 2.6544604889666394, 2.498313193148198, 2.6830424842065637, 2.4064267839793536, 2.3596034379937145, 2.2835526037714606, 2.236596059371849, 2.3310519752851273, 2.0998379328217815, 2.195924171856206, 2.1907811290833155, 2.1780215138444183, 2.054966911437915, 2.160381484344712, 2.0224825725905493, 2.105850876017892, 2.0857151479969476, 1.8915778760459907, 1.9999535901209633, 2.049036318344039, 1.9579891274365369, 1.897083822493804, 1.9117380183056765, 1.7619718967509375, 1.7799490920928147]

Epoch Num: 42
[3.89878628255771, 3.6925684288639617, 3.713188141365656, 3.7760263889358594, 3.4914557088572957, 3.4995001351035997, 3.3125231615306197, 3.357643412359053, 3.358300292072356, 3.2449021346765647, 3.2571789185915136, 3.2127277960859137, 3.0378196252456187, 3.008769843152317, 2.896966689415041, 2.9376026672360824, 2.6544604889666394, 2.498313193148198, 2.6830424842065637, 2.4064267839793536, 2.3596034379937145, 2.2835526037714606, 2.236596059371849, 2.3310519752851273, 2.0998379328217815, 2.195924171856206, 2.1907811290833155, 2.1780215138444183, 2.054966911437915, 2.160381484344712, 2.0224825725905493, 2.105850876017892, 2.0857151479969476, 1.8915778760459907, 1.9999535901209633, 2.049036318344039, 1.9579891274365369, 1.897083822493804, 1.9117380183056765, 1.7619718967509375, 1.7799490920928147, 1.8597893269021595]

Epoch Num: 43
[3.89878628255771, 3.6925684288639617, 3.713188141365656, 3.7760263889358594, 3.4914557088572957, 3.4995001351035997, 3.3125231615306197, 3.357643412359053, 3.358300292072356, 3.2449021346765647, 3.2571789185915136, 3.2127277960859137, 3.0378196252456187, 3.008769843152317, 2.896966689415041, 2.9376026672360824, 2.6544604889666394, 2.498313193148198, 2.6830424842065637, 2.4064267839793536, 2.3596034379937145, 2.2835526037714606, 2.236596059371849, 2.3310519752851273, 2.0998379328217815, 2.195924171856206, 2.1907811290833155, 2.1780215138444183, 2.054966911437915, 2.160381484344712, 2.0224825725905493, 2.105850876017892, 2.0857151479969476, 1.8915778760459907, 1.9999535901209633, 2.049036318344039, 1.9579891274365369, 1.897083822493804, 1.9117380183056765, 1.7619718967509375, 1.7799490920928147, 1.8597893269021595, 1.8607395134213327]

Epoch Num: 44
[3.89878628255771, 3.6925684288639617, 3.713188141365656, 3.7760263889358594, 3.4914557088572957, 3.4995001351035997, 3.3125231615306197, 3.357643412359053, 3.358300292072356, 3.2449021346765647, 3.2571789185915136, 3.2127277960859137, 3.0378196252456187, 3.008769843152317, 2.896966689415041, 2.9376026672360824, 2.6544604889666394, 2.498313193148198, 2.6830424842065637, 2.4064267839793536, 2.3596034379937145, 2.2835526037714606, 2.236596059371849, 2.3310519752851273, 2.0998379328217815, 2.195924171856206, 2.1907811290833155, 2.1780215138444183, 2.054966911437915, 2.160381484344712, 2.0224825725905493, 2.105850876017892, 2.0857151479969476, 1.8915778760459907, 1.9999535901209633, 2.049036318344039, 1.9579891274365369, 1.897083822493804, 1.9117380183056765, 1.7619718967509375, 1.7799490920928147, 1.8597893269021595, 1.8607395134213327, 1.8250901956626415]

Epoch Num: 45
[3.89878628255771, 3.6925684288639617, 3.713188141365656, 3.7760263889358594, 3.4914557088572957, 3.4995001351035997, 3.3125231615306197, 3.357643412359053, 3.358300292072356, 3.2449021346765647, 3.2571789185915136, 3.2127277960859137, 3.0378196252456187, 3.008769843152317, 2.896966689415041, 2.9376026672360824, 2.6544604889666394, 2.498313193148198, 2.6830424842065637, 2.4064267839793536, 2.3596034379937145, 2.2835526037714606, 2.236596059371849, 2.3310519752851273, 2.0998379328217815, 2.195924171856206, 2.1907811290833155, 2.1780215138444183, 2.054966911437915, 2.160381484344712, 2.0224825725905493, 2.105850876017892, 2.0857151479969476, 1.8915778760459907, 1.9999535901209633, 2.049036318344039, 1.9579891274365369, 1.897083822493804, 1.9117380183056765, 1.7619718967509375, 1.7799490920928147, 1.8597893269021595, 1.8607395134213327, 1.8250901956626415, 1.8135201141661057]

Epoch Num: 46
[3.89878628255771, 3.6925684288639617, 3.713188141365656, 3.7760263889358594, 3.4914557088572957, 3.4995001351035997, 3.3125231615306197, 3.357643412359053, 3.358300292072356, 3.2449021346765647, 3.2571789185915136, 3.2127277960859137, 3.0378196252456187, 3.008769843152317, 2.896966689415041, 2.9376026672360824, 2.6544604889666394, 2.498313193148198, 2.6830424842065637, 2.4064267839793536, 2.3596034379937145, 2.2835526037714606, 2.236596059371849, 2.3310519752851273, 2.0998379328217815, 2.195924171856206, 2.1907811290833155, 2.1780215138444183, 2.054966911437915, 2.160381484344712, 2.0224825725905493, 2.105850876017892, 2.0857151479969476, 1.8915778760459907, 1.9999535901209633, 2.049036318344039, 1.9579891274365369, 1.897083822493804, 1.9117380183056765, 1.7619718967509375, 1.7799490920928147, 1.8597893269021595, 1.8607395134213327, 1.8250901956626415, 1.8135201141661057, 1.8198342603604045]

Epoch Num: 47
[3.89878628255771, 3.6925684288639617, 3.713188141365656, 3.7760263889358594, 3.4914557088572957, 3.4995001351035997, 3.3125231615306197, 3.357643412359053, 3.358300292072356, 3.2449021346765647, 3.2571789185915136, 3.2127277960859137, 3.0378196252456187, 3.008769843152317, 2.896966689415041, 2.9376026672360824, 2.6544604889666394, 2.498313193148198, 2.6830424842065637, 2.4064267839793536, 2.3596034379937145, 2.2835526037714606, 2.236596059371849, 2.3310519752851273, 2.0998379328217815, 2.195924171856206, 2.1907811290833155, 2.1780215138444183, 2.054966911437915, 2.160381484344712, 2.0224825725905493, 2.105850876017892, 2.0857151479969476, 1.8915778760459907, 1.9999535901209633, 2.049036318344039, 1.9579891274365369, 1.897083822493804, 1.9117380183056765, 1.7619718967509375, 1.7799490920928147, 1.8597893269021595, 1.8607395134213327, 1.8250901956626415, 1.8135201141661057, 1.8198342603604045, 1.729519383508632]

Epoch Num: 48
[3.89878628255771, 3.6925684288639617, 3.713188141365656, 3.7760263889358594, 3.4914557088572957, 3.4995001351035997, 3.3125231615306197, 3.357643412359053, 3.358300292072356, 3.2449021346765647, 3.2571789185915136, 3.2127277960859137, 3.0378196252456187, 3.008769843152317, 2.896966689415041, 2.9376026672360824, 2.6544604889666394, 2.498313193148198, 2.6830424842065637, 2.4064267839793536, 2.3596034379937145, 2.2835526037714606, 2.236596059371849, 2.3310519752851273, 2.0998379328217815, 2.195924171856206, 2.1907811290833155, 2.1780215138444183, 2.054966911437915, 2.160381484344712, 2.0224825725905493, 2.105850876017892, 2.0857151479969476, 1.8915778760459907, 1.9999535901209633, 2.049036318344039, 1.9579891274365369, 1.897083822493804, 1.9117380183056765, 1.7619718967509375, 1.7799490920928147, 1.8597893269021595, 1.8607395134213327, 1.8250901956626415, 1.8135201141661057, 1.8198342603604045, 1.729519383508632, 1.79334312434813]

Epoch Num: 49
[3.89878628255771, 3.6925684288639617, 3.713188141365656, 3.7760263889358594, 3.4914557088572957, 3.4995001351035997, 3.3125231615306197, 3.357643412359053, 3.358300292072356, 3.2449021346765647, 3.2571789185915136, 3.2127277960859137, 3.0378196252456187, 3.008769843152317, 2.896966689415041, 2.9376026672360824, 2.6544604889666394, 2.498313193148198, 2.6830424842065637, 2.4064267839793536, 2.3596034379937145, 2.2835526037714606, 2.236596059371849, 2.3310519752851273, 2.0998379328217815, 2.195924171856206, 2.1907811290833155, 2.1780215138444183, 2.054966911437915, 2.160381484344712, 2.0224825725905493, 2.105850876017892, 2.0857151479969476, 1.8915778760459907, 1.9999535901209633, 2.049036318344039, 1.9579891274365369, 1.897083822493804, 1.9117380183056765, 1.7619718967509375, 1.7799490920928147, 1.8597893269021595, 1.8607395134213327, 1.8250901956626415, 1.8135201141661057, 1.8198342603604045, 1.729519383508632, 1.79334312434813, 1.91839405245216]

Epoch Num: 50
[3.89878628255771, 3.6925684288639617, 3.713188141365656, 3.7760263889358594, 3.4914557088572957, 3.4995001351035997, 3.3125231615306197, 3.357643412359053, 3.358300292072356, 3.2449021346765647, 3.2571789185915136, 3.2127277960859137, 3.0378196252456187, 3.008769843152317, 2.896966689415041, 2.9376026672360824, 2.6544604889666394, 2.498313193148198, 2.6830424842065637, 2.4064267839793536, 2.3596034379937145, 2.2835526037714606, 2.236596059371849, 2.3310519752851273, 2.0998379328217815, 2.195924171856206, 2.1907811290833155, 2.1780215138444183, 2.054966911437915, 2.160381484344712, 2.0224825725905493, 2.105850876017892, 2.0857151479969476, 1.8915778760459907, 1.9999535901209633, 2.049036318344039, 1.9579891274365369, 1.897083822493804, 1.9117380183056765, 1.7619718967509375, 1.7799490920928147, 1.8597893269021595, 1.8607395134213327, 1.8250901956626415, 1.8135201141661057, 1.8198342603604045, 1.729519383508632, 1.79334312434813, 1.91839405245216, 1.757010675110818]

Epoch Num: 51
[1.8069995075277558]

Epoch Num: 52
[1.803194600059113]

Epoch Num: 53
[1.803194600059113, 1.799453527641184]

Epoch Num: 54
[1.803194600059113, 1.799453527641184, 1.7494481659122827]

Epoch Num: 55
[1.803194600059113, 1.799453527641184, 1.7494481659122827, 1.739794549893746]

Epoch Num: 56
[1.803194600059113, 1.799453527641184, 1.7494481659122827, 1.739794549893746, 1.7746241940127645]

Epoch Num: 57
[1.803194600059113, 1.799453527641184, 1.7494481659122827, 1.739794549893746, 1.7746241940127645, 1.7188476065410898]

Epoch Num: 58
[1.803194600059113, 1.799453527641184, 1.7494481659122827, 1.739794549893746, 1.7746241940127645, 1.7188476065410898, 1.7425741765539593]

Epoch Num: 59
[1.803194600059113, 1.799453527641184, 1.7494481659122827, 1.739794549893746, 1.7746241940127645, 1.7188476065410898, 1.7425741765539593, 1.6596828737838605]

Epoch Num: 60
[1.803194600059113, 1.799453527641184, 1.7494481659122827, 1.739794549893746, 1.7746241940127645, 1.7188476065410898, 1.7425741765539593, 1.6596828737838605, 1.7375483266027325]

Epoch Num: 61
[3.89878628255771, 3.6925684288639617, 3.713188141365656, 3.7760263889358594, 3.4914557088572957, 3.4995001351035997, 3.3125231615306197, 3.357643412359053, 3.358300292072356, 3.2449021346765647, 3.2571789185915136, 3.2127277960859137, 3.0378196252456187, 3.008769843152317, 2.896966689415041, 2.9376026672360824, 2.6544604889666394, 2.498313193148198, 2.6830424842065637, 2.4064267839793536, 2.3596034379937145, 2.2835526037714606, 2.236596059371849, 2.3310519752851273, 2.0998379328217815, 2.195924171856206, 2.1907811290833155, 2.1780215138444183, 2.054966911437915, 2.160381484344712, 2.0224825725905493, 2.105850876017892, 2.0857151479969476, 1.8915778760459907, 1.9999535901209633, 2.049036318344039, 1.9579891274365369, 1.897083822493804, 1.9117380183056765, 1.7619718967509375, 1.7799490920928147, 1.8597893269021595, 1.8607395134213327, 1.8250901956626415, 1.8135201141661057, 1.8198342603604045, 1.729519383508632, 1.79334312434813, 1.91839405245216, 1.757010675110818, 1.8069995075277558, 1.803194600059113, 1.799453527641184, 1.7494481659122827, 1.739794549893746, 1.7746241940127645, 1.7188476065410898, 1.7425741765539593, 1.6596828737838605, 1.7375483266027325, 1.7445440282039002]

