Epoch Num: 1
[0.45981776393204926]

Epoch Num: 2
[0.45981776393204926, 0.4373094795048237]

Epoch Num: 3
[0.45981776393204926, 0.4373094795048237, 0.44302837989851834]

Epoch Num: 4
[0.45981776393204926, 0.4373094795048237, 0.44302837989851834, 0.43259083683788774]

Epoch Num: 5
[0.45981776393204926, 0.4373094795048237, 0.44302837989851834, 0.43259083683788774, 0.4519520085901022]

Epoch Num: 6
[0.45981776393204926, 0.4373094795048237, 0.44302837989851834, 0.43259083683788774, 0.4519520085901022, 0.44166093215346336]

Epoch Num: 7
[0.45981776393204926, 0.4373094795048237, 0.44302837989851834, 0.43259083683788774, 0.4519520085901022, 0.44166093215346336, 0.4289241203889251]

Epoch Num: 8
[0.45981776393204926, 0.4373094795048237, 0.44302837989851834, 0.43259083683788774, 0.4519520085901022, 0.44166093215346336, 0.4289241203889251, 0.43144788293354214]

Epoch Num: 9
[0.45981776393204926, 0.4373094795048237, 0.44302837989851834, 0.43259083683788774, 0.4519520085901022, 0.44166093215346336, 0.4289241203889251, 0.43144788293354214, 0.4224103143885732]

Epoch Num: 10
[0.45981776393204926, 0.4373094795048237, 0.44302837989851834, 0.43259083683788774, 0.4519520085901022, 0.44166093215346336, 0.4289241203889251, 0.43144788293354214, 0.4224103143885732, 0.4025798307135701]

Epoch Num: 11
[0.45981776393204926, 0.4373094795048237, 0.44302837989851834, 0.43259083683788774, 0.4519520085901022, 0.44166093215346336, 0.4289241203889251, 0.43144788293354214, 0.4224103143885732, 0.4025798307135701, 0.386990630120039]

Epoch Num: 12
[0.45981776393204926, 0.4373094795048237, 0.44302837989851834, 0.43259083683788774, 0.4519520085901022, 0.44166093215346336, 0.4289241203889251, 0.43144788293354214, 0.4224103143885732, 0.4025798307135701, 0.386990630120039, 0.3658729429244995]

Epoch Num: 13
[0.45981776393204926, 0.4373094795048237, 0.44302837989851834, 0.43259083683788774, 0.4519520085901022, 0.44166093215346336, 0.4289241203889251, 0.43144788293354214, 0.4224103143885732, 0.4025798307135701, 0.386990630120039, 0.3658729429244995, 0.35879758117347954]

Epoch Num: 14
[0.45981776393204926, 0.4373094795048237, 0.44302837989851834, 0.43259083683788774, 0.4519520085901022, 0.44166093215346336, 0.4289241203889251, 0.43144788293354214, 0.4224103143885732, 0.4025798307135701, 0.386990630120039, 0.3658729429244995, 0.35879758117347954, 0.34787633138149976]

Epoch Num: 15
[0.45981776393204926, 0.4373094795048237, 0.44302837989851834, 0.43259083683788774, 0.4519520085901022, 0.44166093215346336, 0.4289241203889251, 0.43144788293354214, 0.4224103143885732, 0.4025798307135701, 0.386990630120039, 0.3658729429244995, 0.35879758117347954, 0.34787633138149976, 0.329226765088737]

Epoch Num: 16
[0.45981776393204926, 0.4373094795048237, 0.44302837989851834, 0.43259083683788774, 0.4519520085901022, 0.44166093215346336, 0.4289241203889251, 0.43144788293354214, 0.4224103143885732, 0.4025798307135701, 0.386990630120039, 0.3658729429244995, 0.35879758117347954, 0.34787633138149976, 0.329226765088737, 0.3157311929017305]

Epoch Num: 17
[0.45981776393204926, 0.4373094795048237, 0.44302837989851834, 0.43259083683788774, 0.4519520085901022, 0.44166093215346336, 0.4289241203889251, 0.43144788293354214, 0.4224103143885732, 0.4025798307135701, 0.386990630120039, 0.3658729429244995, 0.35879758117347954, 0.34787633138149976, 0.329226765088737, 0.3157311929017305, 0.30270180594548585]

Epoch Num: 18
[0.45981776393204926, 0.4373094795048237, 0.44302837989851834, 0.43259083683788774, 0.4519520085901022, 0.44166093215346336, 0.4289241203889251, 0.43144788293354214, 0.4224103143885732, 0.4025798307135701, 0.386990630120039, 0.3658729429244995, 0.35879758117347954, 0.34787633138149976, 0.329226765088737, 0.3157311929017305, 0.30270180594548585, 0.2933007745072246]

Epoch Num: 19
[0.45981776393204926, 0.4373094795048237, 0.44302837989851834, 0.43259083683788774, 0.4519520085901022, 0.44166093215346336, 0.4289241203889251, 0.43144788293354214, 0.4224103143885732, 0.4025798307135701, 0.386990630120039, 0.3658729429244995, 0.35879758117347954, 0.34787633138149976, 0.329226765088737, 0.3157311929017305, 0.30270180594548585, 0.2933007745072246, 0.2857739644944668]

Epoch Num: 20
[0.45981776393204926, 0.4373094795048237, 0.44302837989851834, 0.43259083683788774, 0.4519520085901022, 0.44166093215346336, 0.4289241203889251, 0.43144788293354214, 0.4224103143885732, 0.4025798307135701, 0.386990630120039, 0.3658729429244995, 0.35879758117347954, 0.34787633138149976, 0.329226765088737, 0.3157311929017305, 0.30270180594548585, 0.2933007745072246, 0.2857739644944668, 0.2828693757690489]

Epoch Num: 21
[0.45981776393204926, 0.4373094795048237, 0.44302837989851834, 0.43259083683788774, 0.4519520085901022, 0.44166093215346336, 0.4289241203889251, 0.43144788293354214, 0.4224103143885732, 0.4025798307135701, 0.386990630120039, 0.3658729429244995, 0.35879758117347954, 0.34787633138149976, 0.329226765088737, 0.3157311929017305, 0.30270180594548585, 0.2933007745072246, 0.2857739644944668, 0.2828693757690489, 0.26999631406366825]

Epoch Num: 22
[0.45981776393204926, 0.4373094795048237, 0.44302837989851834, 0.43259083683788774, 0.4519520085901022, 0.44166093215346336, 0.4289241203889251, 0.43144788293354214, 0.4224103143885732, 0.4025798307135701, 0.386990630120039, 0.3658729429244995, 0.35879758117347954, 0.34787633138149976, 0.329226765088737, 0.3157311929017305, 0.30270180594548585, 0.2933007745072246, 0.2857739644944668, 0.2828693757690489, 0.26999631406366825, 0.2667648423761129]

Epoch Num: 23
[0.45981776393204926, 0.4373094795048237, 0.44302837989851834, 0.43259083683788774, 0.4519520085901022, 0.44166093215346336, 0.4289241203889251, 0.43144788293354214, 0.4224103143885732, 0.4025798307135701, 0.386990630120039, 0.3658729429244995, 0.35879758117347954, 0.34787633138149976, 0.329226765088737, 0.3157311929017305, 0.30270180594548585, 0.2933007745072246, 0.2857739644944668, 0.2828693757690489, 0.26999631406366825, 0.2667648423761129, 0.2593318627104163]

Epoch Num: 24
[0.45981776393204926, 0.4373094795048237, 0.44302837989851834, 0.43259083683788774, 0.4519520085901022, 0.44166093215346336, 0.4289241203889251, 0.43144788293354214, 0.4224103143885732, 0.4025798307135701, 0.386990630120039, 0.3658729429244995, 0.35879758117347954, 0.34787633138149976, 0.329226765088737, 0.3157311929017305, 0.30270180594548585, 0.2933007745072246, 0.2857739644944668, 0.2828693757690489, 0.26999631406366825, 0.2667648423761129, 0.2593318627104163, 0.2596099133491516]

Epoch Num: 25
[0.45981776393204926, 0.4373094795048237, 0.44302837989851834, 0.43259083683788774, 0.4519520085901022, 0.44166093215346336, 0.4289241203889251, 0.43144788293354214, 0.4224103143885732, 0.4025798307135701, 0.386990630120039, 0.3658729429244995, 0.35879758117347954, 0.34787633138149976, 0.329226765088737, 0.3157311929017305, 0.30270180594548585, 0.2933007745072246, 0.2857739644944668, 0.2828693757690489, 0.26999631406366825, 0.2667648423761129, 0.2593318627104163, 0.2596099133491516, 0.24306510416418314]

Epoch Num: 26
[0.45981776393204926, 0.4373094795048237, 0.44302837989851834, 0.43259083683788774, 0.4519520085901022, 0.44166093215346336, 0.4289241203889251, 0.43144788293354214, 0.4224103143885732, 0.4025798307135701, 0.386990630120039, 0.3658729429244995, 0.35879758117347954, 0.34787633138149976, 0.329226765088737, 0.3157311929017305, 0.30270180594548585, 0.2933007745072246, 0.2857739644944668, 0.2828693757690489, 0.26999631406366825, 0.2667648423761129, 0.2593318627104163, 0.2596099133491516, 0.24306510416418314, 0.24596899416297674]

Epoch Num: 27
[0.45981776393204926, 0.4373094795048237, 0.44302837989851834, 0.43259083683788774, 0.4519520085901022, 0.44166093215346336, 0.4289241203889251, 0.43144788293354214, 0.4224103143885732, 0.4025798307135701, 0.386990630120039, 0.3658729429244995, 0.35879758117347954, 0.34787633138149976, 0.329226765088737, 0.3157311929017305, 0.30270180594548585, 0.2933007745072246, 0.2857739644944668, 0.2828693757690489, 0.26999631406366825, 0.2667648423761129, 0.2593318627104163, 0.2596099133491516, 0.24306510416418314, 0.24596899416297674, 0.23612776135280727]

Epoch Num: 28
[0.45981776393204926, 0.4373094795048237, 0.44302837989851834, 0.43259083683788774, 0.4519520085901022, 0.44166093215346336, 0.4289241203889251, 0.43144788293354214, 0.4224103143885732, 0.4025798307135701, 0.386990630120039, 0.3658729429244995, 0.35879758117347954, 0.34787633138149976, 0.329226765088737, 0.3157311929017305, 0.30270180594548585, 0.2933007745072246, 0.2857739644944668, 0.2828693757690489, 0.26999631406366825, 0.2667648423761129, 0.2593318627104163, 0.2596099133491516, 0.24306510416418314, 0.24596899416297674, 0.23612776135280727, 0.2356999476738274]

Epoch Num: 29
[0.45981776393204926, 0.4373094795048237, 0.44302837989851834, 0.43259083683788774, 0.4519520085901022, 0.44166093215346336, 0.4289241203889251, 0.43144788293354214, 0.4224103143885732, 0.4025798307135701, 0.386990630120039, 0.3658729429244995, 0.35879758117347954, 0.34787633138149976, 0.329226765088737, 0.3157311929017305, 0.30270180594548585, 0.2933007745072246, 0.2857739644944668, 0.2828693757690489, 0.26999631406366825, 0.2667648423761129, 0.2593318627104163, 0.2596099133491516, 0.24306510416418314, 0.24596899416297674, 0.23612776135280727, 0.2356999476738274, 0.23021892712265252]

Epoch Num: 30
[0.45981776393204926, 0.4373094795048237, 0.44302837989851834, 0.43259083683788774, 0.4519520085901022, 0.44166093215346336, 0.4289241203889251, 0.43144788293354214, 0.4224103143885732, 0.4025798307135701, 0.386990630120039, 0.3658729429244995, 0.35879758117347954, 0.34787633138149976, 0.329226765088737, 0.3157311929017305, 0.30270180594548585, 0.2933007745072246, 0.2857739644944668, 0.2828693757690489, 0.26999631406366825, 0.2667648423761129, 0.2593318627104163, 0.2596099133491516, 0.24306510416418314, 0.24596899416297674, 0.23612776135280727, 0.2356999476738274, 0.23021892712265252, 0.2270100353397429]

Epoch Num: 31
[0.45981776393204926, 0.4373094795048237, 0.44302837989851834, 0.43259083683788774, 0.4519520085901022, 0.44166093215346336, 0.4289241203889251, 0.43144788293354214, 0.4224103143885732, 0.4025798307135701, 0.386990630120039, 0.3658729429244995, 0.35879758117347954, 0.34787633138149976, 0.329226765088737, 0.3157311929017305, 0.30270180594548585, 0.2933007745072246, 0.2857739644944668, 0.2828693757690489, 0.26999631406366825, 0.2667648423761129, 0.2593318627104163, 0.2596099133491516, 0.24306510416418314, 0.24596899416297674, 0.23612776135280727, 0.2356999476738274, 0.23021892712265252, 0.2270100353397429, 0.22215432979911565]

Epoch Num: 32
[0.45981776393204926, 0.4373094795048237, 0.44302837989851834, 0.43259083683788774, 0.4519520085901022, 0.44166093215346336, 0.4289241203889251, 0.43144788293354214, 0.4224103143885732, 0.4025798307135701, 0.386990630120039, 0.3658729429244995, 0.35879758117347954, 0.34787633138149976, 0.329226765088737, 0.3157311929017305, 0.30270180594548585, 0.2933007745072246, 0.2857739644944668, 0.2828693757690489, 0.26999631406366825, 0.2667648423761129, 0.2593318627104163, 0.2596099133491516, 0.24306510416418314, 0.24596899416297674, 0.23612776135280727, 0.2356999476738274, 0.23021892712265252, 0.2270100353397429, 0.22215432979911565, 0.22851458471640945]

Epoch Num: 33
[0.45981776393204926, 0.4373094795048237, 0.44302837989851834, 0.43259083683788774, 0.4519520085901022, 0.44166093215346336, 0.4289241203889251, 0.43144788293354214, 0.4224103143885732, 0.4025798307135701, 0.386990630120039, 0.3658729429244995, 0.35879758117347954, 0.34787633138149976, 0.329226765088737, 0.3157311929017305, 0.30270180594548585, 0.2933007745072246, 0.2857739644944668, 0.2828693757690489, 0.26999631406366825, 0.2667648423761129, 0.2593318627104163, 0.2596099133491516, 0.24306510416418314, 0.24596899416297674, 0.23612776135280727, 0.2356999476738274, 0.23021892712265252, 0.2270100353397429, 0.22215432979911565, 0.22851458471640945, 0.2219281531907618]

Epoch Num: 34
[0.45981776393204926, 0.4373094795048237, 0.44302837989851834, 0.43259083683788774, 0.4519520085901022, 0.44166093215346336, 0.4289241203889251, 0.43144788293354214, 0.4224103143885732, 0.4025798307135701, 0.386990630120039, 0.3658729429244995, 0.35879758117347954, 0.34787633138149976, 0.329226765088737, 0.3157311929017305, 0.30270180594548585, 0.2933007745072246, 0.2857739644944668, 0.2828693757690489, 0.26999631406366825, 0.2667648423761129, 0.2593318627104163, 0.2596099133491516, 0.24306510416418314, 0.24596899416297674, 0.23612776135280727, 0.2356999476738274, 0.23021892712265252, 0.2270100353397429, 0.22215432979911565, 0.22851458471640945, 0.2219281531907618, 0.21486373060941696]

Epoch Num: 35
[0.45981776393204926, 0.4373094795048237, 0.44302837989851834, 0.43259083683788774, 0.4519520085901022, 0.44166093215346336, 0.4289241203889251, 0.43144788293354214, 0.4224103143885732, 0.4025798307135701, 0.386990630120039, 0.3658729429244995, 0.35879758117347954, 0.34787633138149976, 0.329226765088737, 0.3157311929017305, 0.30270180594548585, 0.2933007745072246, 0.2857739644944668, 0.2828693757690489, 0.26999631406366825, 0.2667648423761129, 0.2593318627104163, 0.2596099133491516, 0.24306510416418314, 0.24596899416297674, 0.23612776135280727, 0.2356999476738274, 0.23021892712265252, 0.2270100353397429, 0.22215432979911565, 0.22851458471640945, 0.2219281531907618, 0.21486373060941696, 0.21197446371987463]

Epoch Num: 36
[0.45981776393204926, 0.4373094795048237, 0.44302837989851834, 0.43259083683788774, 0.4519520085901022, 0.44166093215346336, 0.4289241203889251, 0.43144788293354214, 0.4224103143885732, 0.4025798307135701, 0.386990630120039, 0.3658729429244995, 0.35879758117347954, 0.34787633138149976, 0.329226765088737, 0.3157311929017305, 0.30270180594548585, 0.2933007745072246, 0.2857739644944668, 0.2828693757690489, 0.26999631406366825, 0.2667648423761129, 0.2593318627104163, 0.2596099133491516, 0.24306510416418314, 0.24596899416297674, 0.23612776135280727, 0.2356999476738274, 0.23021892712265252, 0.2270100353397429, 0.22215432979911565, 0.22851458471640945, 0.2219281531907618, 0.21486373060941696, 0.21197446371987463, 0.219002303853631]

Epoch Num: 37
[0.45981776393204926, 0.4373094795048237, 0.44302837989851834, 0.43259083683788774, 0.4519520085901022, 0.44166093215346336, 0.4289241203889251, 0.43144788293354214, 0.4224103143885732, 0.4025798307135701, 0.386990630120039, 0.3658729429244995, 0.35879758117347954, 0.34787633138149976, 0.329226765088737, 0.3157311929017305, 0.30270180594548585, 0.2933007745072246, 0.2857739644944668, 0.2828693757690489, 0.26999631406366825, 0.2667648423761129, 0.2593318627104163, 0.2596099133491516, 0.24306510416418314, 0.24596899416297674, 0.23612776135280727, 0.2356999476738274, 0.23021892712265252, 0.2270100353397429, 0.22215432979911565, 0.22851458471640945, 0.2219281531907618, 0.21486373060941696, 0.21197446371987463, 0.219002303853631, 0.20569243182986974]

Epoch Num: 38
[0.45981776393204926, 0.4373094795048237, 0.44302837989851834, 0.43259083683788774, 0.4519520085901022, 0.44166093215346336, 0.4289241203889251, 0.43144788293354214, 0.4224103143885732, 0.4025798307135701, 0.386990630120039, 0.3658729429244995, 0.35879758117347954, 0.34787633138149976, 0.329226765088737, 0.3157311929017305, 0.30270180594548585, 0.2933007745072246, 0.2857739644944668, 0.2828693757690489, 0.26999631406366825, 0.2667648423761129, 0.2593318627104163, 0.2596099133491516, 0.24306510416418314, 0.24596899416297674, 0.23612776135280727, 0.2356999476738274, 0.23021892712265252, 0.2270100353397429, 0.22215432979911565, 0.22851458471640945, 0.2219281531907618, 0.21486373060941696, 0.21197446371987463, 0.219002303853631, 0.20569243182986974, 0.2110071756094694]

Epoch Num: 39
[0.45981776393204926, 0.4373094795048237, 0.44302837989851834, 0.43259083683788774, 0.4519520085901022, 0.44166093215346336, 0.4289241203889251, 0.43144788293354214, 0.4224103143885732, 0.4025798307135701, 0.386990630120039, 0.3658729429244995, 0.35879758117347954, 0.34787633138149976, 0.329226765088737, 0.3157311929017305, 0.30270180594548585, 0.2933007745072246, 0.2857739644944668, 0.2828693757690489, 0.26999631406366825, 0.2667648423761129, 0.2593318627104163, 0.2596099133491516, 0.24306510416418314, 0.24596899416297674, 0.23612776135280727, 0.2356999476738274, 0.23021892712265252, 0.2270100353397429, 0.22215432979911565, 0.22851458471640945, 0.2219281531907618, 0.21486373060941696, 0.21197446371987463, 0.219002303853631, 0.20569243182986974, 0.2110071756094694, 0.20995886306092143]

Epoch Num: 40
[0.45981776393204926, 0.4373094795048237, 0.44302837989851834, 0.43259083683788774, 0.4519520085901022, 0.44166093215346336, 0.4289241203889251, 0.43144788293354214, 0.4224103143885732, 0.4025798307135701, 0.386990630120039, 0.3658729429244995, 0.35879758117347954, 0.34787633138149976, 0.329226765088737, 0.3157311929017305, 0.30270180594548585, 0.2933007745072246, 0.2857739644944668, 0.2828693757690489, 0.26999631406366825, 0.2667648423761129, 0.2593318627104163, 0.2596099133491516, 0.24306510416418314, 0.24596899416297674, 0.23612776135280727, 0.2356999476738274, 0.23021892712265252, 0.2270100353397429, 0.22215432979911565, 0.22851458471640945, 0.2219281531907618, 0.21486373060941696, 0.21197446371987463, 0.219002303853631, 0.20569243182986974, 0.2110071756094694, 0.20995886306092143, 0.2055378438681364]

Epoch Num: 41
[0.45981776393204926, 0.4373094795048237, 0.44302837989851834, 0.43259083683788774, 0.4519520085901022, 0.44166093215346336, 0.4289241203889251, 0.43144788293354214, 0.4224103143885732, 0.4025798307135701, 0.386990630120039, 0.3658729429244995, 0.35879758117347954, 0.34787633138149976, 0.329226765088737, 0.3157311929017305, 0.30270180594548585, 0.2933007745072246, 0.2857739644944668, 0.2828693757690489, 0.26999631406366825, 0.2667648423761129, 0.2593318627104163, 0.2596099133491516, 0.24306510416418314, 0.24596899416297674, 0.23612776135280727, 0.2356999476738274, 0.23021892712265252, 0.2270100353397429, 0.22215432979911565, 0.22851458471640945, 0.2219281531907618, 0.21486373060941696, 0.21197446371987463, 0.219002303853631, 0.20569243182986974, 0.2110071756094694, 0.20995886306092143, 0.2055378438681364, 0.19854536953195928]

Epoch Num: 42
[0.45981776393204926, 0.4373094795048237, 0.44302837989851834, 0.43259083683788774, 0.4519520085901022, 0.44166093215346336, 0.4289241203889251, 0.43144788293354214, 0.4224103143885732, 0.4025798307135701, 0.386990630120039, 0.3658729429244995, 0.35879758117347954, 0.34787633138149976, 0.329226765088737, 0.3157311929017305, 0.30270180594548585, 0.2933007745072246, 0.2857739644944668, 0.2828693757690489, 0.26999631406366825, 0.2667648423761129, 0.2593318627104163, 0.2596099133491516, 0.24306510416418314, 0.24596899416297674, 0.23612776135280727, 0.2356999476738274, 0.23021892712265252, 0.2270100353397429, 0.22215432979911565, 0.22851458471640945, 0.2219281531907618, 0.21486373060941696, 0.21197446371987463, 0.219002303853631, 0.20569243182986974, 0.2110071756094694, 0.20995886306092143, 0.2055378438681364, 0.19854536953195928, 0.19975414576008915]

Epoch Num: 43
[0.45981776393204926, 0.4373094795048237, 0.44302837989851834, 0.43259083683788774, 0.4519520085901022, 0.44166093215346336, 0.4289241203889251, 0.43144788293354214, 0.4224103143885732, 0.4025798307135701, 0.386990630120039, 0.3658729429244995, 0.35879758117347954, 0.34787633138149976, 0.329226765088737, 0.3157311929017305, 0.30270180594548585, 0.2933007745072246, 0.2857739644944668, 0.2828693757690489, 0.26999631406366825, 0.2667648423761129, 0.2593318627104163, 0.2596099133491516, 0.24306510416418314, 0.24596899416297674, 0.23612776135280727, 0.2356999476738274, 0.23021892712265252, 0.2270100353397429, 0.22215432979911565, 0.22851458471640945, 0.2219281531907618, 0.21486373060941696, 0.21197446371987463, 0.219002303853631, 0.20569243182986974, 0.2110071756094694, 0.20995886306092143, 0.2055378438681364, 0.19854536953195928, 0.19975414576008915, 0.1995259388871491]

Epoch Num: 44
[0.45981776393204926, 0.4373094795048237, 0.44302837989851834, 0.43259083683788774, 0.4519520085901022, 0.44166093215346336, 0.4289241203889251, 0.43144788293354214, 0.4224103143885732, 0.4025798307135701, 0.386990630120039, 0.3658729429244995, 0.35879758117347954, 0.34787633138149976, 0.329226765088737, 0.3157311929017305, 0.30270180594548585, 0.2933007745072246, 0.2857739644944668, 0.2828693757690489, 0.26999631406366825, 0.2667648423761129, 0.2593318627104163, 0.2596099133491516, 0.24306510416418314, 0.24596899416297674, 0.23612776135280727, 0.2356999476738274, 0.23021892712265252, 0.2270100353397429, 0.22215432979911565, 0.22851458471640945, 0.2219281531907618, 0.21486373060941696, 0.21197446371987463, 0.219002303853631, 0.20569243182986974, 0.2110071756094694, 0.20995886306092143, 0.2055378438681364, 0.19854536953195928, 0.19975414576008915, 0.1995259388871491, 0.19512820587679744]

Epoch Num: 45
[0.45981776393204926, 0.4373094795048237, 0.44302837989851834, 0.43259083683788774, 0.4519520085901022, 0.44166093215346336, 0.4289241203889251, 0.43144788293354214, 0.4224103143885732, 0.4025798307135701, 0.386990630120039, 0.3658729429244995, 0.35879758117347954, 0.34787633138149976, 0.329226765088737, 0.3157311929017305, 0.30270180594548585, 0.2933007745072246, 0.2857739644944668, 0.2828693757690489, 0.26999631406366825, 0.2667648423761129, 0.2593318627104163, 0.2596099133491516, 0.24306510416418314, 0.24596899416297674, 0.23612776135280727, 0.2356999476738274, 0.23021892712265252, 0.2270100353397429, 0.22215432979911565, 0.22851458471640945, 0.2219281531907618, 0.21486373060941696, 0.21197446371987463, 0.219002303853631, 0.20569243182986974, 0.2110071756094694, 0.20995886306092143, 0.2055378438681364, 0.19854536953195928, 0.19975414576008915, 0.1995259388871491, 0.19512820587679744, 0.1924922446999699]

Epoch Num: 46
[0.45981776393204926, 0.4373094795048237, 0.44302837989851834, 0.43259083683788774, 0.4519520085901022, 0.44166093215346336, 0.4289241203889251, 0.43144788293354214, 0.4224103143885732, 0.4025798307135701, 0.386990630120039, 0.3658729429244995, 0.35879758117347954, 0.34787633138149976, 0.329226765088737, 0.3157311929017305, 0.30270180594548585, 0.2933007745072246, 0.2857739644944668, 0.2828693757690489, 0.26999631406366825, 0.2667648423761129, 0.2593318627104163, 0.2596099133491516, 0.24306510416418314, 0.24596899416297674, 0.23612776135280727, 0.2356999476738274, 0.23021892712265252, 0.2270100353397429, 0.22215432979911565, 0.22851458471640945, 0.2219281531907618, 0.21486373060941696, 0.21197446371987463, 0.219002303853631, 0.20569243182986974, 0.2110071756094694, 0.20995886306092143, 0.2055378438681364, 0.19854536953195928, 0.19975414576008915, 0.1995259388871491, 0.19512820587679744, 0.1924922446999699, 0.19878093326464297]

Epoch Num: 47
[0.45981776393204926, 0.4373094795048237, 0.44302837989851834, 0.43259083683788774, 0.4519520085901022, 0.44166093215346336, 0.4289241203889251, 0.43144788293354214, 0.4224103143885732, 0.4025798307135701, 0.386990630120039, 0.3658729429244995, 0.35879758117347954, 0.34787633138149976, 0.329226765088737, 0.3157311929017305, 0.30270180594548585, 0.2933007745072246, 0.2857739644944668, 0.2828693757690489, 0.26999631406366825, 0.2667648423761129, 0.2593318627104163, 0.2596099133491516, 0.24306510416418314, 0.24596899416297674, 0.23612776135280727, 0.2356999476738274, 0.23021892712265252, 0.2270100353397429, 0.22215432979911565, 0.22851458471640945, 0.2219281531907618, 0.21486373060941696, 0.21197446371987463, 0.219002303853631, 0.20569243182986974, 0.2110071756094694, 0.20995886306092143, 0.2055378438681364, 0.19854536953195928, 0.19975414576008915, 0.1995259388871491, 0.19512820587679744, 0.1924922446999699, 0.19878093326464297, 0.18781279032491147]

Epoch Num: 48
[0.45981776393204926, 0.4373094795048237, 0.44302837989851834, 0.43259083683788774, 0.4519520085901022, 0.44166093215346336, 0.4289241203889251, 0.43144788293354214, 0.4224103143885732, 0.4025798307135701, 0.386990630120039, 0.3658729429244995, 0.35879758117347954, 0.34787633138149976, 0.329226765088737, 0.3157311929017305, 0.30270180594548585, 0.2933007745072246, 0.2857739644944668, 0.2828693757690489, 0.26999631406366825, 0.2667648423761129, 0.2593318627104163, 0.2596099133491516, 0.24306510416418314, 0.24596899416297674, 0.23612776135280727, 0.2356999476738274, 0.23021892712265252, 0.2270100353397429, 0.22215432979911565, 0.22851458471640945, 0.2219281531907618, 0.21486373060941696, 0.21197446371987463, 0.219002303853631, 0.20569243182986974, 0.2110071756094694, 0.20995886306092143, 0.2055378438681364, 0.19854536953195928, 0.19975414576008915, 0.1995259388871491, 0.19512820587679744, 0.1924922446999699, 0.19878093326464297, 0.18781279032491147, 0.18492700401321052]

Epoch Num: 49
[0.45981776393204926, 0.4373094795048237, 0.44302837989851834, 0.43259083683788774, 0.4519520085901022, 0.44166093215346336, 0.4289241203889251, 0.43144788293354214, 0.4224103143885732, 0.4025798307135701, 0.386990630120039, 0.3658729429244995, 0.35879758117347954, 0.34787633138149976, 0.329226765088737, 0.3157311929017305, 0.30270180594548585, 0.2933007745072246, 0.2857739644944668, 0.2828693757690489, 0.26999631406366825, 0.2667648423761129, 0.2593318627104163, 0.2596099133491516, 0.24306510416418314, 0.24596899416297674, 0.23612776135280727, 0.2356999476738274, 0.23021892712265252, 0.2270100353397429, 0.22215432979911565, 0.22851458471640945, 0.2219281531907618, 0.21486373060941696, 0.21197446371987463, 0.219002303853631, 0.20569243182986974, 0.2110071756094694, 0.20995886306092143, 0.2055378438681364, 0.19854536953195928, 0.19975414576008915, 0.1995259388871491, 0.19512820587679744, 0.1924922446999699, 0.19878093326464297, 0.18781279032491147, 0.18492700401321052, 0.19126590755023062]

Epoch Num: 50
[0.45981776393204926, 0.4373094795048237, 0.44302837989851834, 0.43259083683788774, 0.4519520085901022, 0.44166093215346336, 0.4289241203889251, 0.43144788293354214, 0.4224103143885732, 0.4025798307135701, 0.386990630120039, 0.3658729429244995, 0.35879758117347954, 0.34787633138149976, 0.329226765088737, 0.3157311929017305, 0.30270180594548585, 0.2933007745072246, 0.2857739644944668, 0.2828693757690489, 0.26999631406366825, 0.2667648423761129, 0.2593318627104163, 0.2596099133491516, 0.24306510416418314, 0.24596899416297674, 0.23612776135280727, 0.2356999476738274, 0.23021892712265252, 0.2270100353397429, 0.22215432979911565, 0.22851458471640945, 0.2219281531907618, 0.21486373060941696, 0.21197446371987463, 0.219002303853631, 0.20569243182986974, 0.2110071756094694, 0.20995886306092143, 0.2055378438681364, 0.19854536953195928, 0.19975414576008915, 0.1995259388871491, 0.19512820587679744, 0.1924922446999699, 0.19878093326464297, 0.18781279032491147, 0.18492700401321052, 0.19126590755023062, 0.19395788467302919]

Epoch Num: 51
[0.18775779376924037]

Epoch Num: 52
[0.18278719831630588]

Epoch Num: 53
[0.18278719831630588, 0.18818851807713508]

Epoch Num: 54
[0.18278719831630588, 0.18818851807713508, 0.18422110917791723]

Epoch Num: 55
[0.18278719831630588, 0.18818851807713508, 0.18422110917791723, 0.18010719573311507]

Epoch Num: 56
[0.18278719831630588, 0.18818851807713508, 0.18422110917791723, 0.18010719573311507, 0.18180972280539573]

Epoch Num: 57
[0.18278719831630588, 0.18818851807713508, 0.18422110917791723, 0.18010719573311507, 0.18180972280539573, 0.17471231293864548]

Epoch Num: 58
[0.18278719831630588, 0.18818851807713508, 0.18422110917791723, 0.18010719573311507, 0.18180972280539573, 0.17471231293864548, 0.17601472593471407]

Epoch Num: 59
[0.18278719831630588, 0.18818851807713508, 0.18422110917791723, 0.18010719573311507, 0.18180972280539573, 0.17471231293864548, 0.17601472593471407, 0.1728915482275188]

Epoch Num: 60
[0.18278719831630588, 0.18818851807713508, 0.18422110917791723, 0.18010719573311507, 0.18180972280539573, 0.17471231293864548, 0.17601472593471407, 0.1728915482275188, 0.18070952488668263]

Epoch Num: 61
[0.45981776393204926, 0.4373094795048237, 0.44302837989851834, 0.43259083683788774, 0.4519520085901022, 0.44166093215346336, 0.4289241203889251, 0.43144788293354214, 0.4224103143885732, 0.4025798307135701, 0.386990630120039, 0.3658729429244995, 0.35879758117347954, 0.34787633138149976, 0.329226765088737, 0.3157311929017305, 0.30270180594548585, 0.2933007745072246, 0.2857739644944668, 0.2828693757690489, 0.26999631406366825, 0.2667648423761129, 0.2593318627104163, 0.2596099133491516, 0.24306510416418314, 0.24596899416297674, 0.23612776135280727, 0.2356999476738274, 0.23021892712265252, 0.2270100353397429, 0.22215432979911565, 0.22851458471640945, 0.2219281531907618, 0.21486373060941696, 0.21197446371987463, 0.219002303853631, 0.20569243182986974, 0.2110071756094694, 0.20995886306092143, 0.2055378438681364, 0.19854536953195928, 0.19975414576008915, 0.1995259388871491, 0.19512820587679744, 0.1924922446999699, 0.19878093326464297, 0.18781279032491147, 0.18492700401321052, 0.19126590755023062, 0.19395788467302919, 0.18775779376924037, 0.18278719831630588, 0.18818851807713508, 0.18422110917791723, 0.18010719573311507, 0.18180972280539573, 0.17471231293864548, 0.17601472593471407, 0.1728915482275188, 0.18070952488668263, 0.17529451786167918]

