Epoch Num: 1
[0.12410718351230025]

Epoch Num: 2
[0.12410718351230025, 0.1115550733867567]

Epoch Num: 3
[0.12410718351230025, 0.1115550733867567, 0.10991501621343196]

Epoch Num: 4
[0.12410718351230025, 0.1115550733867567, 0.10991501621343196, 0.11216506448993459]

Epoch Num: 5
[0.12410718351230025, 0.1115550733867567, 0.10991501621343196, 0.11216506448993459, 0.11484398923441767]

Epoch Num: 6
[0.12410718351230025, 0.1115550733867567, 0.10991501621343196, 0.11216506448993459, 0.11484398923441767, 0.10903236820886378]

Epoch Num: 7
[0.12410718351230025, 0.1115550733867567, 0.10991501621343196, 0.11216506448993459, 0.11484398923441767, 0.10903236820886378, 0.10796947452309541]

Epoch Num: 8
[0.12410718351230025, 0.1115550733867567, 0.10991501621343196, 0.11216506448993459, 0.11484398923441767, 0.10903236820886378, 0.10796947452309541, 0.11155153374816291]

Epoch Num: 9
[0.12410718351230025, 0.1115550733867567, 0.10991501621343196, 0.11216506448993459, 0.11484398923441767, 0.10903236820886378, 0.10796947452309541, 0.11155153374816291, 0.10750724022591021]

Epoch Num: 10
[0.12410718351230025, 0.1115550733867567, 0.10991501621343196, 0.11216506448993459, 0.11484398923441767, 0.10903236820886378, 0.10796947452309541, 0.11155153374816291, 0.10750724022591021, 0.10932857776002493]

Epoch Num: 11
[0.12410718351230025, 0.1115550733867567, 0.10991501621343196, 0.11216506448993459, 0.11484398923441767, 0.10903236820886378, 0.10796947452309541, 0.11155153374816291, 0.10750724022591021, 0.10932857776002493, 0.11198461578879505]

Epoch Num: 12
[0.12410718351230025, 0.1115550733867567, 0.10991501621343196, 0.11216506448993459, 0.11484398923441767, 0.10903236820886378, 0.10796947452309541, 0.11155153374816291, 0.10750724022591021, 0.10932857776002493, 0.11198461578879505, 0.10588903363328427]

Epoch Num: 13
[0.12410718351230025, 0.1115550733867567, 0.10991501621343196, 0.11216506448993459, 0.11484398923441767, 0.10903236820886378, 0.10796947452309541, 0.11155153374816291, 0.10750724022591021, 0.10932857776002493, 0.11198461578879505, 0.10588903363328427, 0.10770505661040079]

Epoch Num: 14
[0.12410718351230025, 0.1115550733867567, 0.10991501621343196, 0.11216506448993459, 0.11484398923441767, 0.10903236820886378, 0.10796947452309541, 0.11155153374816291, 0.10750724022591021, 0.10932857776002493, 0.11198461578879505, 0.10588903363328427, 0.10770505661040079, 0.10737694841902704]

Epoch Num: 15
[0.12410718351230025, 0.1115550733867567, 0.10991501621343196, 0.11216506448993459, 0.11484398923441767, 0.10903236820886378, 0.10796947452309541, 0.11155153374816291, 0.10750724022591021, 0.10932857776002493, 0.11198461578879505, 0.10588903363328427, 0.10770505661040079, 0.10737694841902704, 0.11040525298449211]

Epoch Num: 16
[0.12410718351230025, 0.1115550733867567, 0.10991501621343196, 0.11216506448993459, 0.11484398923441767, 0.10903236820886378, 0.10796947452309541, 0.11155153374816291, 0.10750724022591021, 0.10932857776002493, 0.11198461578879505, 0.10588903363328427, 0.10770505661040079, 0.10737694841902704, 0.11040525298449211, 0.10497688828059472]

Epoch Num: 17
[0.12410718351230025, 0.1115550733867567, 0.10991501621343196, 0.11216506448993459, 0.11484398923441767, 0.10903236820886378, 0.10796947452309541, 0.11155153374816291, 0.10750724022591021, 0.10932857776002493, 0.11198461578879505, 0.10588903363328427, 0.10770505661040079, 0.10737694841902704, 0.11040525298449211, 0.10497688828059472, 0.09872938216081821]

Epoch Num: 18
[0.12410718351230025, 0.1115550733867567, 0.10991501621343196, 0.11216506448993459, 0.11484398923441767, 0.10903236820886378, 0.10796947452309541, 0.11155153374816291, 0.10750724022591021, 0.10932857776002493, 0.11198461578879505, 0.10588903363328427, 0.10770505661040079, 0.10737694841902704, 0.11040525298449211, 0.10497688828059472, 0.09872938216081821, 0.10135309334145859]

Epoch Num: 19
[0.12410718351230025, 0.1115550733867567, 0.10991501621343196, 0.11216506448993459, 0.11484398923441767, 0.10903236820886378, 0.10796947452309541, 0.11155153374816291, 0.10750724022591021, 0.10932857776002493, 0.11198461578879505, 0.10588903363328427, 0.10770505661040079, 0.10737694841902704, 0.11040525298449211, 0.10497688828059472, 0.09872938216081821, 0.10135309334145859, 0.10435965552221751]

Epoch Num: 20
[0.12410718351230025, 0.1115550733867567, 0.10991501621343196, 0.11216506448993459, 0.11484398923441767, 0.10903236820886378, 0.10796947452309541, 0.11155153374816291, 0.10750724022591021, 0.10932857776002493, 0.11198461578879505, 0.10588903363328427, 0.10770505661040079, 0.10737694841902704, 0.11040525298449211, 0.10497688828059472, 0.09872938216081821, 0.10135309334145859, 0.10435965552221751, 0.10373969975963701]

Epoch Num: 21
[0.12410718351230025, 0.1115550733867567, 0.10991501621343196, 0.11216506448993459, 0.11484398923441767, 0.10903236820886378, 0.10796947452309541, 0.11155153374816291, 0.10750724022591021, 0.10932857776002493, 0.11198461578879505, 0.10588903363328427, 0.10770505661040079, 0.10737694841902704, 0.11040525298449211, 0.10497688828059472, 0.09872938216081821, 0.10135309334145859, 0.10435965552221751, 0.10373969975963701, 0.09994870347273536]

Epoch Num: 22
[0.12410718351230025, 0.1115550733867567, 0.10991501621343196, 0.11216506448993459, 0.11484398923441767, 0.10903236820886378, 0.10796947452309541, 0.11155153374816291, 0.10750724022591021, 0.10932857776002493, 0.11198461578879505, 0.10588903363328427, 0.10770505661040079, 0.10737694841902704, 0.11040525298449211, 0.10497688828059472, 0.09872938216081821, 0.10135309334145859, 0.10435965552221751, 0.10373969975963701, 0.09994870347273536, 0.10272354742966126]

Epoch Num: 23
[0.12410718351230025, 0.1115550733867567, 0.10991501621343196, 0.11216506448993459, 0.11484398923441767, 0.10903236820886378, 0.10796947452309541, 0.11155153374816291, 0.10750724022591021, 0.10932857776002493, 0.11198461578879505, 0.10588903363328427, 0.10770505661040079, 0.10737694841902704, 0.11040525298449211, 0.10497688828059472, 0.09872938216081821, 0.10135309334145859, 0.10435965552221751, 0.10373969975963701, 0.09994870347273536, 0.10272354742966126, 0.10237150500563438]

Epoch Num: 24
[0.12410718351230025, 0.1115550733867567, 0.10991501621343196, 0.11216506448993459, 0.11484398923441767, 0.10903236820886378, 0.10796947452309541, 0.11155153374816291, 0.10750724022591021, 0.10932857776002493, 0.11198461578879505, 0.10588903363328427, 0.10770505661040079, 0.10737694841902704, 0.11040525298449211, 0.10497688828059472, 0.09872938216081821, 0.10135309334145859, 0.10435965552221751, 0.10373969975963701, 0.09994870347273536, 0.10272354742966126, 0.10237150500563438, 0.09958178919949569]

Epoch Num: 25
[0.12410718351230025, 0.1115550733867567, 0.10991501621343196, 0.11216506448993459, 0.11484398923441767, 0.10903236820886378, 0.10796947452309541, 0.11155153374816291, 0.10750724022591021, 0.10932857776002493, 0.11198461578879505, 0.10588903363328427, 0.10770505661040079, 0.10737694841902704, 0.11040525298449211, 0.10497688828059472, 0.09872938216081821, 0.10135309334145859, 0.10435965552221751, 0.10373969975963701, 0.09994870347273536, 0.10272354742966126, 0.10237150500563438, 0.09958178919949569, 0.09863173156208359]

Epoch Num: 26
[0.12410718351230025, 0.1115550733867567, 0.10991501621343196, 0.11216506448993459, 0.11484398923441767, 0.10903236820886378, 0.10796947452309541, 0.11155153374816291, 0.10750724022591021, 0.10932857776002493, 0.11198461578879505, 0.10588903363328427, 0.10770505661040079, 0.10737694841902704, 0.11040525298449211, 0.10497688828059472, 0.09872938216081821, 0.10135309334145859, 0.10435965552221751, 0.10373969975963701, 0.09994870347273536, 0.10272354742966126, 0.10237150500563438, 0.09958178919949569, 0.09863173156208359, 0.09949331062764395]

Epoch Num: 27
[0.12410718351230025, 0.1115550733867567, 0.10991501621343196, 0.11216506448993459, 0.11484398923441767, 0.10903236820886378, 0.10796947452309541, 0.11155153374816291, 0.10750724022591021, 0.10932857776002493, 0.11198461578879505, 0.10588903363328427, 0.10770505661040079, 0.10737694841902704, 0.11040525298449211, 0.10497688828059472, 0.09872938216081821, 0.10135309334145859, 0.10435965552221751, 0.10373969975963701, 0.09994870347273536, 0.10272354742966126, 0.10237150500563438, 0.09958178919949569, 0.09863173156208359, 0.09949331062764395, 0.09941091760643758]

Epoch Num: 28
[0.12410718351230025, 0.1115550733867567, 0.10991501621343196, 0.11216506448993459, 0.11484398923441767, 0.10903236820886378, 0.10796947452309541, 0.11155153374816291, 0.10750724022591021, 0.10932857776002493, 0.11198461578879505, 0.10588903363328427, 0.10770505661040079, 0.10737694841902704, 0.11040525298449211, 0.10497688828059472, 0.09872938216081821, 0.10135309334145859, 0.10435965552221751, 0.10373969975963701, 0.09994870347273536, 0.10272354742966126, 0.10237150500563438, 0.09958178919949569, 0.09863173156208359, 0.09949331062764395, 0.09941091760643758, 0.10064216034580022]

Epoch Num: 29
[0.12410718351230025, 0.1115550733867567, 0.10991501621343196, 0.11216506448993459, 0.11484398923441767, 0.10903236820886378, 0.10796947452309541, 0.11155153374816291, 0.10750724022591021, 0.10932857776002493, 0.11198461578879505, 0.10588903363328427, 0.10770505661040079, 0.10737694841902704, 0.11040525298449211, 0.10497688828059472, 0.09872938216081821, 0.10135309334145859, 0.10435965552221751, 0.10373969975963701, 0.09994870347273536, 0.10272354742966126, 0.10237150500563438, 0.09958178919949569, 0.09863173156208359, 0.09949331062764395, 0.09941091760643758, 0.10064216034580022, 0.09793993433652212]

Epoch Num: 30
[0.12410718351230025, 0.1115550733867567, 0.10991501621343196, 0.11216506448993459, 0.11484398923441767, 0.10903236820886378, 0.10796947452309541, 0.11155153374816291, 0.10750724022591021, 0.10932857776002493, 0.11198461578879505, 0.10588903363328427, 0.10770505661040079, 0.10737694841902704, 0.11040525298449211, 0.10497688828059472, 0.09872938216081821, 0.10135309334145859, 0.10435965552221751, 0.10373969975963701, 0.09994870347273536, 0.10272354742966126, 0.10237150500563438, 0.09958178919949569, 0.09863173156208359, 0.09949331062764395, 0.09941091760643758, 0.10064216034580022, 0.09793993433652212, 0.09717379771976266]

Epoch Num: 31
[0.12410718351230025, 0.1115550733867567, 0.10991501621343196, 0.11216506448993459, 0.11484398923441767, 0.10903236820886378, 0.10796947452309541, 0.11155153374816291, 0.10750724022591021, 0.10932857776002493, 0.11198461578879505, 0.10588903363328427, 0.10770505661040079, 0.10737694841902704, 0.11040525298449211, 0.10497688828059472, 0.09872938216081821, 0.10135309334145859, 0.10435965552221751, 0.10373969975963701, 0.09994870347273536, 0.10272354742966126, 0.10237150500563438, 0.09958178919949569, 0.09863173156208359, 0.09949331062764395, 0.09941091760643758, 0.10064216034580022, 0.09793993433652212, 0.09717379771976266, 0.0959983752942644]

Epoch Num: 32
[0.12410718351230025, 0.1115550733867567, 0.10991501621343196, 0.11216506448993459, 0.11484398923441767, 0.10903236820886378, 0.10796947452309541, 0.11155153374816291, 0.10750724022591021, 0.10932857776002493, 0.11198461578879505, 0.10588903363328427, 0.10770505661040079, 0.10737694841902704, 0.11040525298449211, 0.10497688828059472, 0.09872938216081821, 0.10135309334145859, 0.10435965552221751, 0.10373969975963701, 0.09994870347273536, 0.10272354742966126, 0.10237150500563438, 0.09958178919949569, 0.09863173156208359, 0.09949331062764395, 0.09941091760643758, 0.10064216034580022, 0.09793993433652212, 0.09717379771976266, 0.0959983752942644, 0.09880743806646206]

Epoch Num: 33
[0.12410718351230025, 0.1115550733867567, 0.10991501621343196, 0.11216506448993459, 0.11484398923441767, 0.10903236820886378, 0.10796947452309541, 0.11155153374816291, 0.10750724022591021, 0.10932857776002493, 0.11198461578879505, 0.10588903363328427, 0.10770505661040079, 0.10737694841902704, 0.11040525298449211, 0.10497688828059472, 0.09872938216081821, 0.10135309334145859, 0.10435965552221751, 0.10373969975963701, 0.09994870347273536, 0.10272354742966126, 0.10237150500563438, 0.09958178919949569, 0.09863173156208359, 0.09949331062764395, 0.09941091760643758, 0.10064216034580022, 0.09793993433652212, 0.09717379771976266, 0.0959983752942644, 0.09880743806646206, 0.09642043420753907]

Epoch Num: 34
[0.12410718351230025, 0.1115550733867567, 0.10991501621343196, 0.11216506448993459, 0.11484398923441767, 0.10903236820886378, 0.10796947452309541, 0.11155153374816291, 0.10750724022591021, 0.10932857776002493, 0.11198461578879505, 0.10588903363328427, 0.10770505661040079, 0.10737694841902704, 0.11040525298449211, 0.10497688828059472, 0.09872938216081821, 0.10135309334145859, 0.10435965552221751, 0.10373969975963701, 0.09994870347273536, 0.10272354742966126, 0.10237150500563438, 0.09958178919949569, 0.09863173156208359, 0.09949331062764395, 0.09941091760643758, 0.10064216034580022, 0.09793993433652212, 0.09717379771976266, 0.0959983752942644, 0.09880743806646206, 0.09642043420753907, 0.09065572267957031]

Epoch Num: 35
[0.12410718351230025, 0.1115550733867567, 0.10991501621343196, 0.11216506448993459, 0.11484398923441767, 0.10903236820886378, 0.10796947452309541, 0.11155153374816291, 0.10750724022591021, 0.10932857776002493, 0.11198461578879505, 0.10588903363328427, 0.10770505661040079, 0.10737694841902704, 0.11040525298449211, 0.10497688828059472, 0.09872938216081821, 0.10135309334145859, 0.10435965552221751, 0.10373969975963701, 0.09994870347273536, 0.10272354742966126, 0.10237150500563438, 0.09958178919949569, 0.09863173156208359, 0.09949331062764395, 0.09941091760643758, 0.10064216034580022, 0.09793993433652212, 0.09717379771976266, 0.0959983752942644, 0.09880743806646206, 0.09642043420753907, 0.09065572267957031, 0.09663214669330046]

Epoch Num: 36
[0.12410718351230025, 0.1115550733867567, 0.10991501621343196, 0.11216506448993459, 0.11484398923441767, 0.10903236820886378, 0.10796947452309541, 0.11155153374816291, 0.10750724022591021, 0.10932857776002493, 0.11198461578879505, 0.10588903363328427, 0.10770505661040079, 0.10737694841902704, 0.11040525298449211, 0.10497688828059472, 0.09872938216081821, 0.10135309334145859, 0.10435965552221751, 0.10373969975963701, 0.09994870347273536, 0.10272354742966126, 0.10237150500563438, 0.09958178919949569, 0.09863173156208359, 0.09949331062764395, 0.09941091760643758, 0.10064216034580022, 0.09793993433652212, 0.09717379771976266, 0.0959983752942644, 0.09880743806646206, 0.09642043420753907, 0.09065572267957031, 0.09663214669330046, 0.09704491310071899]

Epoch Num: 37
[0.12410718351230025, 0.1115550733867567, 0.10991501621343196, 0.11216506448993459, 0.11484398923441767, 0.10903236820886378, 0.10796947452309541, 0.11155153374816291, 0.10750724022591021, 0.10932857776002493, 0.11198461578879505, 0.10588903363328427, 0.10770505661040079, 0.10737694841902704, 0.11040525298449211, 0.10497688828059472, 0.09872938216081821, 0.10135309334145859, 0.10435965552221751, 0.10373969975963701, 0.09994870347273536, 0.10272354742966126, 0.10237150500563438, 0.09958178919949569, 0.09863173156208359, 0.09949331062764395, 0.09941091760643758, 0.10064216034580022, 0.09793993433652212, 0.09717379771976266, 0.0959983752942644, 0.09880743806646206, 0.09642043420753907, 0.09065572267957031, 0.09663214669330046, 0.09704491310071899, 0.09202622767968568]

Epoch Num: 38
[0.12410718351230025, 0.1115550733867567, 0.10991501621343196, 0.11216506448993459, 0.11484398923441767, 0.10903236820886378, 0.10796947452309541, 0.11155153374816291, 0.10750724022591021, 0.10932857776002493, 0.11198461578879505, 0.10588903363328427, 0.10770505661040079, 0.10737694841902704, 0.11040525298449211, 0.10497688828059472, 0.09872938216081821, 0.10135309334145859, 0.10435965552221751, 0.10373969975963701, 0.09994870347273536, 0.10272354742966126, 0.10237150500563438, 0.09958178919949569, 0.09863173156208359, 0.09949331062764395, 0.09941091760643758, 0.10064216034580022, 0.09793993433652212, 0.09717379771976266, 0.0959983752942644, 0.09880743806646206, 0.09642043420753907, 0.09065572267957031, 0.09663214669330046, 0.09704491310071899, 0.09202622767968568, 0.09481612513354049]

Epoch Num: 39
[0.12410718351230025, 0.1115550733867567, 0.10991501621343196, 0.11216506448993459, 0.11484398923441767, 0.10903236820886378, 0.10796947452309541, 0.11155153374816291, 0.10750724022591021, 0.10932857776002493, 0.11198461578879505, 0.10588903363328427, 0.10770505661040079, 0.10737694841902704, 0.11040525298449211, 0.10497688828059472, 0.09872938216081821, 0.10135309334145859, 0.10435965552221751, 0.10373969975963701, 0.09994870347273536, 0.10272354742966126, 0.10237150500563438, 0.09958178919949569, 0.09863173156208359, 0.09949331062764395, 0.09941091760643758, 0.10064216034580022, 0.09793993433652212, 0.09717379771976266, 0.0959983752942644, 0.09880743806646206, 0.09642043420753907, 0.09065572267957031, 0.09663214669330046, 0.09704491310071899, 0.09202622767968568, 0.09481612513354049, 0.09367815507843624]

Epoch Num: 40
[0.12410718351230025, 0.1115550733867567, 0.10991501621343196, 0.11216506448993459, 0.11484398923441767, 0.10903236820886378, 0.10796947452309541, 0.11155153374816291, 0.10750724022591021, 0.10932857776002493, 0.11198461578879505, 0.10588903363328427, 0.10770505661040079, 0.10737694841902704, 0.11040525298449211, 0.10497688828059472, 0.09872938216081821, 0.10135309334145859, 0.10435965552221751, 0.10373969975963701, 0.09994870347273536, 0.10272354742966126, 0.10237150500563438, 0.09958178919949569, 0.09863173156208359, 0.09949331062764395, 0.09941091760643758, 0.10064216034580022, 0.09793993433652212, 0.09717379771976266, 0.0959983752942644, 0.09880743806646206, 0.09642043420753907, 0.09065572267957031, 0.09663214669330046, 0.09704491310071899, 0.09202622767968568, 0.09481612513354049, 0.09367815507843624, 0.09633202764025191]

Epoch Num: 41
[0.12410718351230025, 0.1115550733867567, 0.10991501621343196, 0.11216506448993459, 0.11484398923441767, 0.10903236820886378, 0.10796947452309541, 0.11155153374816291, 0.10750724022591021, 0.10932857776002493, 0.11198461578879505, 0.10588903363328427, 0.10770505661040079, 0.10737694841902704, 0.11040525298449211, 0.10497688828059472, 0.09872938216081821, 0.10135309334145859, 0.10435965552221751, 0.10373969975963701, 0.09994870347273536, 0.10272354742966126, 0.10237150500563438, 0.09958178919949569, 0.09863173156208359, 0.09949331062764395, 0.09941091760643758, 0.10064216034580022, 0.09793993433652212, 0.09717379771976266, 0.0959983752942644, 0.09880743806646206, 0.09642043420753907, 0.09065572267957031, 0.09663214669330046, 0.09704491310071899, 0.09202622767968568, 0.09481612513354049, 0.09367815507843624, 0.09633202764025191, 0.092430778493057]

Epoch Num: 42
[0.12410718351230025, 0.1115550733867567, 0.10991501621343196, 0.11216506448993459, 0.11484398923441767, 0.10903236820886378, 0.10796947452309541, 0.11155153374816291, 0.10750724022591021, 0.10932857776002493, 0.11198461578879505, 0.10588903363328427, 0.10770505661040079, 0.10737694841902704, 0.11040525298449211, 0.10497688828059472, 0.09872938216081821, 0.10135309334145859, 0.10435965552221751, 0.10373969975963701, 0.09994870347273536, 0.10272354742966126, 0.10237150500563438, 0.09958178919949569, 0.09863173156208359, 0.09949331062764395, 0.09941091760643758, 0.10064216034580022, 0.09793993433652212, 0.09717379771976266, 0.0959983752942644, 0.09880743806646206, 0.09642043420753907, 0.09065572267957031, 0.09663214669330046, 0.09704491310071899, 0.09202622767968568, 0.09481612513354049, 0.09367815507843624, 0.09633202764025191, 0.092430778493057, 0.0915139729648654]

Epoch Num: 43
[0.12410718351230025, 0.1115550733867567, 0.10991501621343196, 0.11216506448993459, 0.11484398923441767, 0.10903236820886378, 0.10796947452309541, 0.11155153374816291, 0.10750724022591021, 0.10932857776002493, 0.11198461578879505, 0.10588903363328427, 0.10770505661040079, 0.10737694841902704, 0.11040525298449211, 0.10497688828059472, 0.09872938216081821, 0.10135309334145859, 0.10435965552221751, 0.10373969975963701, 0.09994870347273536, 0.10272354742966126, 0.10237150500563438, 0.09958178919949569, 0.09863173156208359, 0.09949331062764395, 0.09941091760643758, 0.10064216034580022, 0.09793993433652212, 0.09717379771976266, 0.0959983752942644, 0.09880743806646206, 0.09642043420753907, 0.09065572267957031, 0.09663214669330046, 0.09704491310071899, 0.09202622767968568, 0.09481612513354049, 0.09367815507843624, 0.09633202764025191, 0.092430778493057, 0.0915139729648654, 0.09441775370948016]

Epoch Num: 44
[0.12410718351230025, 0.1115550733867567, 0.10991501621343196, 0.11216506448993459, 0.11484398923441767, 0.10903236820886378, 0.10796947452309541, 0.11155153374816291, 0.10750724022591021, 0.10932857776002493, 0.11198461578879505, 0.10588903363328427, 0.10770505661040079, 0.10737694841902704, 0.11040525298449211, 0.10497688828059472, 0.09872938216081821, 0.10135309334145859, 0.10435965552221751, 0.10373969975963701, 0.09994870347273536, 0.10272354742966126, 0.10237150500563438, 0.09958178919949569, 0.09863173156208359, 0.09949331062764395, 0.09941091760643758, 0.10064216034580022, 0.09793993433652212, 0.09717379771976266, 0.0959983752942644, 0.09880743806646206, 0.09642043420753907, 0.09065572267957031, 0.09663214669330046, 0.09704491310071899, 0.09202622767968568, 0.09481612513354049, 0.09367815507843624, 0.09633202764025191, 0.092430778493057, 0.0915139729648654, 0.09441775370948016, 0.09098645049717743]

Epoch Num: 45
[0.12410718351230025, 0.1115550733867567, 0.10991501621343196, 0.11216506448993459, 0.11484398923441767, 0.10903236820886378, 0.10796947452309541, 0.11155153374816291, 0.10750724022591021, 0.10932857776002493, 0.11198461578879505, 0.10588903363328427, 0.10770505661040079, 0.10737694841902704, 0.11040525298449211, 0.10497688828059472, 0.09872938216081821, 0.10135309334145859, 0.10435965552221751, 0.10373969975963701, 0.09994870347273536, 0.10272354742966126, 0.10237150500563438, 0.09958178919949569, 0.09863173156208359, 0.09949331062764395, 0.09941091760643758, 0.10064216034580022, 0.09793993433652212, 0.09717379771976266, 0.0959983752942644, 0.09880743806646206, 0.09642043420753907, 0.09065572267957031, 0.09663214669330046, 0.09704491310071899, 0.09202622767968568, 0.09481612513354049, 0.09367815507843624, 0.09633202764025191, 0.092430778493057, 0.0915139729648654, 0.09441775370948016, 0.09098645049717743, 0.09292620094056474]

Epoch Num: 46
[0.12410718351230025, 0.1115550733867567, 0.10991501621343196, 0.11216506448993459, 0.11484398923441767, 0.10903236820886378, 0.10796947452309541, 0.11155153374816291, 0.10750724022591021, 0.10932857776002493, 0.11198461578879505, 0.10588903363328427, 0.10770505661040079, 0.10737694841902704, 0.11040525298449211, 0.10497688828059472, 0.09872938216081821, 0.10135309334145859, 0.10435965552221751, 0.10373969975963701, 0.09994870347273536, 0.10272354742966126, 0.10237150500563438, 0.09958178919949569, 0.09863173156208359, 0.09949331062764395, 0.09941091760643758, 0.10064216034580022, 0.09793993433652212, 0.09717379771976266, 0.0959983752942644, 0.09880743806646206, 0.09642043420753907, 0.09065572267957031, 0.09663214669330046, 0.09704491310071899, 0.09202622767968568, 0.09481612513354049, 0.09367815507843624, 0.09633202764025191, 0.092430778493057, 0.0915139729648654, 0.09441775370948016, 0.09098645049717743, 0.09292620094056474, 0.09118882062542252]

Epoch Num: 47
[0.12410718351230025, 0.1115550733867567, 0.10991501621343196, 0.11216506448993459, 0.11484398923441767, 0.10903236820886378, 0.10796947452309541, 0.11155153374816291, 0.10750724022591021, 0.10932857776002493, 0.11198461578879505, 0.10588903363328427, 0.10770505661040079, 0.10737694841902704, 0.11040525298449211, 0.10497688828059472, 0.09872938216081821, 0.10135309334145859, 0.10435965552221751, 0.10373969975963701, 0.09994870347273536, 0.10272354742966126, 0.10237150500563438, 0.09958178919949569, 0.09863173156208359, 0.09949331062764395, 0.09941091760643758, 0.10064216034580022, 0.09793993433652212, 0.09717379771976266, 0.0959983752942644, 0.09880743806646206, 0.09642043420753907, 0.09065572267957031, 0.09663214669330046, 0.09704491310071899, 0.09202622767968568, 0.09481612513354049, 0.09367815507843624, 0.09633202764025191, 0.092430778493057, 0.0915139729648654, 0.09441775370948016, 0.09098645049717743, 0.09292620094056474, 0.09118882062542252, 0.0885093799046881]

Epoch Num: 48
[0.12410718351230025, 0.1115550733867567, 0.10991501621343196, 0.11216506448993459, 0.11484398923441767, 0.10903236820886378, 0.10796947452309541, 0.11155153374816291, 0.10750724022591021, 0.10932857776002493, 0.11198461578879505, 0.10588903363328427, 0.10770505661040079, 0.10737694841902704, 0.11040525298449211, 0.10497688828059472, 0.09872938216081821, 0.10135309334145859, 0.10435965552221751, 0.10373969975963701, 0.09994870347273536, 0.10272354742966126, 0.10237150500563438, 0.09958178919949569, 0.09863173156208359, 0.09949331062764395, 0.09941091760643758, 0.10064216034580022, 0.09793993433652212, 0.09717379771976266, 0.0959983752942644, 0.09880743806646206, 0.09642043420753907, 0.09065572267957031, 0.09663214669330046, 0.09704491310071899, 0.09202622767968568, 0.09481612513354049, 0.09367815507843624, 0.09633202764025191, 0.092430778493057, 0.0915139729648654, 0.09441775370948016, 0.09098645049717743, 0.09292620094056474, 0.09118882062542252, 0.0885093799046881, 0.09085117571905721]

Epoch Num: 49
[0.12410718351230025, 0.1115550733867567, 0.10991501621343196, 0.11216506448993459, 0.11484398923441767, 0.10903236820886378, 0.10796947452309541, 0.11155153374816291, 0.10750724022591021, 0.10932857776002493, 0.11198461578879505, 0.10588903363328427, 0.10770505661040079, 0.10737694841902704, 0.11040525298449211, 0.10497688828059472, 0.09872938216081821, 0.10135309334145859, 0.10435965552221751, 0.10373969975963701, 0.09994870347273536, 0.10272354742966126, 0.10237150500563438, 0.09958178919949569, 0.09863173156208359, 0.09949331062764395, 0.09941091760643758, 0.10064216034580022, 0.09793993433652212, 0.09717379771976266, 0.0959983752942644, 0.09880743806646206, 0.09642043420753907, 0.09065572267957031, 0.09663214669330046, 0.09704491310071899, 0.09202622767968568, 0.09481612513354049, 0.09367815507843624, 0.09633202764025191, 0.092430778493057, 0.0915139729648654, 0.09441775370948016, 0.09098645049717743, 0.09292620094056474, 0.09118882062542252, 0.0885093799046881, 0.09085117571905721, 0.0894331395358895]

Epoch Num: 50
[0.12410718351230025, 0.1115550733867567, 0.10991501621343196, 0.11216506448993459, 0.11484398923441767, 0.10903236820886378, 0.10796947452309541, 0.11155153374816291, 0.10750724022591021, 0.10932857776002493, 0.11198461578879505, 0.10588903363328427, 0.10770505661040079, 0.10737694841902704, 0.11040525298449211, 0.10497688828059472, 0.09872938216081821, 0.10135309334145859, 0.10435965552221751, 0.10373969975963701, 0.09994870347273536, 0.10272354742966126, 0.10237150500563438, 0.09958178919949569, 0.09863173156208359, 0.09949331062764395, 0.09941091760643758, 0.10064216034580022, 0.09793993433652212, 0.09717379771976266, 0.0959983752942644, 0.09880743806646206, 0.09642043420753907, 0.09065572267957031, 0.09663214669330046, 0.09704491310071899, 0.09202622767968568, 0.09481612513354049, 0.09367815507843624, 0.09633202764025191, 0.092430778493057, 0.0915139729648654, 0.09441775370948016, 0.09098645049717743, 0.09292620094056474, 0.09118882062542252, 0.0885093799046881, 0.09085117571905721, 0.0894331395358895, 0.09308700791856972, 0.0917622070350917]

Epoch Num: 51
[0.0917622070350917]

Epoch Num: 52
[0.091917282946466]

Epoch Num: 53
[0.091917282946466, 0.0955162028321065]

Epoch Num: 54
[0.091917282946466, 0.0955162028321065, 0.08597973795840516]

Epoch Num: 55
[0.091917282946466, 0.0955162028321065, 0.08597973795840516, 0.0873282472062856]

Epoch Num: 56
[0.091917282946466, 0.0955162028321065, 0.08597973795840516, 0.0873282472062856, 0.09205249556107446]

Epoch Num: 57
[0.091917282946466, 0.0955162028321065, 0.08597973795840516, 0.0873282472062856, 0.09205249556107446, 0.08949869152461179]

Epoch Num: 58
[0.091917282946466, 0.0955162028321065, 0.08597973795840516, 0.0873282472062856, 0.09205249556107446, 0.08949869152461179, 0.08863842715509236]

Epoch Num: 59
[0.091917282946466, 0.0955162028321065, 0.08597973795840516, 0.0873282472062856, 0.09205249556107446, 0.08949869152461179, 0.08863842715509236, 0.08946131291403435]

Epoch Num: 60
[0.091917282946466, 0.0955162028321065, 0.08597973795840516, 0.0873282472062856, 0.09205249556107446, 0.08949869152461179, 0.08863842715509236, 0.08946131291403435, 0.08898061651270836]

Epoch Num: 61
[0.12410718351230025, 0.1115550733867567, 0.10991501621343196, 0.11216506448993459, 0.11484398923441767, 0.10903236820886378, 0.10796947452309541, 0.11155153374816291, 0.10750724022591021, 0.10932857776002493, 0.11198461578879505, 0.10588903363328427, 0.10770505661040079, 0.10737694841902704, 0.11040525298449211, 0.10497688828059472, 0.09872938216081821, 0.10135309334145859, 0.10435965552221751, 0.10373969975963701, 0.09994870347273536, 0.10272354742966126, 0.10237150500563438, 0.09958178919949569, 0.09863173156208359, 0.09949331062764395, 0.09941091760643758, 0.10064216034580022, 0.09793993433652212, 0.09717379771976266, 0.0959983752942644, 0.09880743806646206, 0.09642043420753907, 0.09065572267957031, 0.09663214669330046, 0.09704491310071899, 0.09202622767968568, 0.09481612513354049, 0.09367815507843624, 0.09633202764025191, 0.092430778493057, 0.0915139729648654, 0.09441775370948016, 0.09098645049717743, 0.09292620094056474, 0.09118882062542252, 0.0885093799046881, 0.09085117571905721, 0.0894331395358895, 0.09308700791856972, 0.0917622070350917, 0.091917282946466, 0.0955162028321065, 0.08597973795840516, 0.0873282472062856, 0.09205249556107446, 0.08949869152461179, 0.08863842715509236, 0.08946131291403435, 0.08898061651270836, 0.0874532469890546]

