Epoch Num: 1
[0.7973921437542886]

Epoch Num: 2
[0.7973921437542886, 0.7662448287606239]

Epoch Num: 3
[0.7973921437542886, 0.7662448287606239, 0.8302401409447193]

Epoch Num: 4
[0.7973921437542886, 0.7662448287606239, 0.8302401409447193, 0.7992054799348116]

Epoch Num: 5
[0.7973921437542886, 0.7662448287606239, 0.8302401409447193, 0.7992054799348116, 0.8140561968237162]

Epoch Num: 6
[0.7973921437542886, 0.7662448287606239, 0.8302401409447193, 0.7992054799348116, 0.8140561968237162, 0.8341159643828869]

Epoch Num: 7
[0.7973921437542886, 0.7662448287606239, 0.8302401409447193, 0.7992054799348116, 0.8140561968237162, 0.8341159643828869, 0.8067884751558304]

Epoch Num: 8
[0.7973921437542886, 0.7662448287606239, 0.8302401409447193, 0.7992054799348116, 0.8140561968237162, 0.8341159643828869, 0.8067884751558304, 0.788525972828269]

Epoch Num: 9
[0.7973921437542886, 0.7662448287606239, 0.8302401409447193, 0.7992054799348116, 0.8140561968237162, 0.8341159643828869, 0.8067884751558304, 0.788525972828269, 0.7868611313551664]

Epoch Num: 10
[0.7973921437542886, 0.7662448287606239, 0.8302401409447193, 0.7992054799348116, 0.8140561968237162, 0.8341159643828869, 0.8067884751558304, 0.788525972828269, 0.7868611313551664, 0.7776201894879341]

Epoch Num: 11
[0.7973921437542886, 0.7662448287606239, 0.8302401409447193, 0.7992054799348116, 0.8140561968237162, 0.8341159643828869, 0.8067884751558304, 0.788525972828269, 0.7868611313551664, 0.7776201894879341, 0.7541963893100619]

Epoch Num: 12
[0.7973921437542886, 0.7662448287606239, 0.8302401409447193, 0.7992054799348116, 0.8140561968237162, 0.8341159643828869, 0.8067884751558304, 0.788525972828269, 0.7868611313551664, 0.7776201894879341, 0.7541963893100619, 0.7402334173321724]

Epoch Num: 13
[0.7973921437542886, 0.7662448287606239, 0.8302401409447193, 0.7992054799348116, 0.8140561968237162, 0.8341159643828869, 0.8067884751558304, 0.788525972828269, 0.7868611313551664, 0.7776201894879341, 0.7541963893100619, 0.7402334173321724, 0.7126408322006464]

Epoch Num: 14
[0.7973921437542886, 0.7662448287606239, 0.8302401409447193, 0.7992054799348116, 0.8140561968237162, 0.8341159643828869, 0.8067884751558304, 0.788525972828269, 0.7868611313551664, 0.7776201894879341, 0.7541963893100619, 0.7402334173321724, 0.7126408322006464, 0.7019148344993591]

Epoch Num: 15
[0.7973921437542886, 0.7662448287606239, 0.8302401409447193, 0.7992054799348116, 0.8140561968237162, 0.8341159643828869, 0.8067884751558304, 0.788525972828269, 0.7868611313551664, 0.7776201894879341, 0.7541963893100619, 0.7402334173321724, 0.7126408322006464, 0.7019148344993591, 0.6950999326258898]

Epoch Num: 16
[0.7973921437542886, 0.7662448287606239, 0.8302401409447193, 0.7992054799348116, 0.8140561968237162, 0.8341159643828869, 0.8067884751558304, 0.788525972828269, 0.7868611313551664, 0.7776201894879341, 0.7541963893100619, 0.7402334173321724, 0.7126408322006464, 0.7019148344993591, 0.6950999326258898, 0.6964561658650636]

Epoch Num: 17
[0.7973921437542886, 0.7662448287606239, 0.8302401409447193, 0.7992054799348116, 0.8140561968237162, 0.8341159643828869, 0.8067884751558304, 0.788525972828269, 0.7868611313551664, 0.7776201894879341, 0.7541963893100619, 0.7402334173321724, 0.7126408322006464, 0.7019148344993591, 0.6950999326258898, 0.6964561658650636, 0.6862336463704706]

Epoch Num: 18
[0.7973921437542886, 0.7662448287606239, 0.8302401409447193, 0.7992054799348116, 0.8140561968237162, 0.8341159643828869, 0.8067884751558304, 0.788525972828269, 0.7868611313551664, 0.7776201894879341, 0.7541963893100619, 0.7402334173321724, 0.7126408322006464, 0.7019148344993591, 0.6950999326258898, 0.6964561658650636, 0.6862336463704706, 0.6682862488180399]

Epoch Num: 19
[0.7973921437542886, 0.7662448287606239, 0.8302401409447193, 0.7992054799348116, 0.8140561968237162, 0.8341159643828869, 0.8067884751558304, 0.788525972828269, 0.7868611313551664, 0.7776201894879341, 0.7541963893100619, 0.7402334173321724, 0.7126408322006464, 0.7019148344993591, 0.6950999326258898, 0.6964561658650636, 0.6862336463704706, 0.6682862488180399, 0.6743937222659588]

Epoch Num: 20
[0.7973921437542886, 0.7662448287606239, 0.8302401409447193, 0.7992054799348116, 0.8140561968237162, 0.8341159643828869, 0.8067884751558304, 0.788525972828269, 0.7868611313551664, 0.7776201894879341, 0.7541963893100619, 0.7402334173321724, 0.7126408322006464, 0.7019148344993591, 0.6950999326258898, 0.6964561658650636, 0.6862336463704706, 0.6682862488180399, 0.6743937222659588, 0.6515252880603075]

Epoch Num: 21
[0.7973921437542886, 0.7662448287606239, 0.8302401409447193, 0.7992054799348116, 0.8140561968237162, 0.8341159643828869, 0.8067884751558304, 0.788525972828269, 0.7868611313551664, 0.7776201894879341, 0.7541963893100619, 0.7402334173321724, 0.7126408322006464, 0.7019148344993591, 0.6950999326258898, 0.6964561658650636, 0.6862336463704706, 0.6682862488180399, 0.6743937222659588, 0.6515252880603075, 0.6703592407107353]

Epoch Num: 22
[0.7973921437542886, 0.7662448287606239, 0.8302401409447193, 0.7992054799348116, 0.8140561968237162, 0.8341159643828869, 0.8067884751558304, 0.788525972828269, 0.7868611313551664, 0.7776201894879341, 0.7541963893100619, 0.7402334173321724, 0.7126408322006464, 0.7019148344993591, 0.6950999326258898, 0.6964561658650636, 0.6862336463704706, 0.6682862488180399, 0.6743937222659588, 0.6515252880603075, 0.6703592407107353, 0.6618735628575086]

Epoch Num: 23
[0.7973921437542886, 0.7662448287606239, 0.8302401409447193, 0.7992054799348116, 0.8140561968237162, 0.8341159643828869, 0.8067884751558304, 0.788525972828269, 0.7868611313551664, 0.7776201894879341, 0.7541963893100619, 0.7402334173321724, 0.7126408322006464, 0.7019148344993591, 0.6950999326258898, 0.6964561658650636, 0.6862336463704706, 0.6682862488180399, 0.6743937222659588, 0.6515252880603075, 0.6703592407107353, 0.6618735628575086, 0.6490277719199657]

Epoch Num: 24
[0.7973921437542886, 0.7662448287606239, 0.8302401409447193, 0.7992054799348116, 0.8140561968237162, 0.8341159643828869, 0.8067884751558304, 0.788525972828269, 0.7868611313551664, 0.7776201894879341, 0.7541963893100619, 0.7402334173321724, 0.7126408322006464, 0.7019148344993591, 0.6950999326258898, 0.6964561658650636, 0.6862336463704706, 0.6682862488180399, 0.6743937222659588, 0.6515252880603075, 0.6703592407107353, 0.6618735628575086, 0.6490277719199657, 0.64952929392457]

Epoch Num: 25
[0.7973921437542886, 0.7662448287606239, 0.8302401409447193, 0.7992054799348116, 0.8140561968237162, 0.8341159643828869, 0.8067884751558304, 0.788525972828269, 0.7868611313551664, 0.7776201894879341, 0.7541963893100619, 0.7402334173321724, 0.7126408322006464, 0.7019148344993591, 0.6950999326258898, 0.6964561658650636, 0.6862336463704706, 0.6682862488180399, 0.6743937222659588, 0.6515252880603075, 0.6703592407107353, 0.6618735628575086, 0.6490277719199657, 0.64952929392457, 0.6468217677623034]

Epoch Num: 26
[0.7973921437542886, 0.7662448287606239, 0.8302401409447193, 0.7992054799348116, 0.8140561968237162, 0.8341159643828869, 0.8067884751558304, 0.788525972828269, 0.7868611313551664, 0.7776201894879341, 0.7541963893100619, 0.7402334173321724, 0.7126408322006464, 0.7019148344993591, 0.6950999326258898, 0.6964561658650636, 0.6862336463704706, 0.6682862488180399, 0.6743937222659588, 0.6515252880603075, 0.6703592407107353, 0.6618735628575086, 0.6490277719199657, 0.64952929392457, 0.6468217677623034, 0.6469843383580446]

Epoch Num: 27
[0.7973921437542886, 0.7662448287606239, 0.8302401409447193, 0.7992054799348116, 0.8140561968237162, 0.8341159643828869, 0.8067884751558304, 0.788525972828269, 0.7868611313551664, 0.7776201894879341, 0.7541963893100619, 0.7402334173321724, 0.7126408322006464, 0.7019148344993591, 0.6950999326258898, 0.6964561658650636, 0.6862336463704706, 0.6682862488180399, 0.6743937222659588, 0.6515252880603075, 0.6703592407107353, 0.6618735628575086, 0.6490277719199657, 0.64952929392457, 0.6468217677623034, 0.6469843383580446, 0.6399971247538925]

Epoch Num: 28
[0.7973921437542886, 0.7662448287606239, 0.8302401409447193, 0.7992054799348116, 0.8140561968237162, 0.8341159643828869, 0.8067884751558304, 0.788525972828269, 0.7868611313551664, 0.7776201894879341, 0.7541963893100619, 0.7402334173321724, 0.7126408322006464, 0.7019148344993591, 0.6950999326258898, 0.6964561658650636, 0.6862336463704706, 0.6682862488180399, 0.6743937222659588, 0.6515252880603075, 0.6703592407107353, 0.6618735628575086, 0.6490277719199657, 0.64952929392457, 0.6468217677623034, 0.6469843383580446, 0.6399971247538925, 0.6367299763262272]

Epoch Num: 29
[0.7973921437542886, 0.7662448287606239, 0.8302401409447193, 0.7992054799348116, 0.8140561968237162, 0.8341159643828869, 0.8067884751558304, 0.788525972828269, 0.7868611313551664, 0.7776201894879341, 0.7541963893100619, 0.7402334173321724, 0.7126408322006464, 0.7019148344993591, 0.6950999326258898, 0.6964561658650636, 0.6862336463704706, 0.6682862488180399, 0.6743937222659588, 0.6515252880603075, 0.6703592407107353, 0.6618735628575086, 0.6490277719199657, 0.64952929392457, 0.6468217677623034, 0.6469843383580446, 0.6399971247538925, 0.6367299763262272, 0.6190019624382257]

Epoch Num: 30
[0.7973921437542886, 0.7662448287606239, 0.8302401409447193, 0.7992054799348116, 0.8140561968237162, 0.8341159643828869, 0.8067884751558304, 0.788525972828269, 0.7868611313551664, 0.7776201894879341, 0.7541963893100619, 0.7402334173321724, 0.7126408322006464, 0.7019148344993591, 0.6950999326258898, 0.6964561658650636, 0.6862336463704706, 0.6682862488180399, 0.6743937222659588, 0.6515252880603075, 0.6703592407107353, 0.6618735628575086, 0.6490277719199657, 0.64952929392457, 0.6468217677623034, 0.6469843383580446, 0.6399971247538925, 0.6367299763262272, 0.6190019624382257, 0.6166373635008932]

Epoch Num: 31
[0.7973921437542886, 0.7662448287606239, 0.8302401409447193, 0.7992054799348116, 0.8140561968237162, 0.8341159643828869, 0.8067884751558304, 0.788525972828269, 0.7868611313551664, 0.7776201894879341, 0.7541963893100619, 0.7402334173321724, 0.7126408322006464, 0.7019148344993591, 0.6950999326258898, 0.6964561658650636, 0.6862336463704706, 0.6682862488180399, 0.6743937222659588, 0.6515252880603075, 0.6703592407107353, 0.6618735628575086, 0.6490277719199657, 0.64952929392457, 0.6468217677623034, 0.6469843383580446, 0.6399971247538925, 0.6367299763262272, 0.6190019624382257, 0.6166373635008932, 0.6217760281041265]

Epoch Num: 32
[0.7973921437542886, 0.7662448287606239, 0.8302401409447193, 0.7992054799348116, 0.8140561968237162, 0.8341159643828869, 0.8067884751558304, 0.788525972828269, 0.7868611313551664, 0.7776201894879341, 0.7541963893100619, 0.7402334173321724, 0.7126408322006464, 0.7019148344993591, 0.6950999326258898, 0.6964561658650636, 0.6862336463704706, 0.6682862488180399, 0.6743937222659588, 0.6515252880603075, 0.6703592407107353, 0.6618735628575086, 0.6490277719199657, 0.64952929392457, 0.6468217677623034, 0.6469843383580446, 0.6399971247538925, 0.6367299763262272, 0.6190019624382257, 0.6166373635008932, 0.6217760281041265, 0.6129481255784631]

Epoch Num: 33
[0.7973921437542886, 0.7662448287606239, 0.8302401409447193, 0.7992054799348116, 0.8140561968237162, 0.8341159643828869, 0.8067884751558304, 0.788525972828269, 0.7868611313551664, 0.7776201894879341, 0.7541963893100619, 0.7402334173321724, 0.7126408322006464, 0.7019148344993591, 0.6950999326258898, 0.6964561658650636, 0.6862336463704706, 0.6682862488180399, 0.6743937222659588, 0.6515252880603075, 0.6703592407107353, 0.6618735628575086, 0.6490277719199657, 0.64952929392457, 0.6468217677623034, 0.6469843383580446, 0.6399971247538925, 0.6367299763262272, 0.6190019624382257, 0.6166373635008932, 0.6217760281041265, 0.6129481255784631, 0.6233153345435858]

Epoch Num: 34
[0.7973921437542886, 0.7662448287606239, 0.8302401409447193, 0.7992054799348116, 0.8140561968237162, 0.8341159643828869, 0.8067884751558304, 0.788525972828269, 0.7868611313551664, 0.7776201894879341, 0.7541963893100619, 0.7402334173321724, 0.7126408322006464, 0.7019148344993591, 0.6950999326258898, 0.6964561658650636, 0.6862336463704706, 0.6682862488180399, 0.6743937222659588, 0.6515252880603075, 0.6703592407107353, 0.6618735628575086, 0.6490277719199657, 0.64952929392457, 0.6468217677623034, 0.6469843383580446, 0.6399971247538925, 0.6367299763262272, 0.6190019624382257, 0.6166373635008932, 0.6217760281041265, 0.6129481255784631, 0.6233153345435858, 0.6083676092773675]

Epoch Num: 35
[0.7973921437542886, 0.7662448287606239, 0.8302401409447193, 0.7992054799348116, 0.8140561968237162, 0.8341159643828869, 0.8067884751558304, 0.788525972828269, 0.7868611313551664, 0.7776201894879341, 0.7541963893100619, 0.7402334173321724, 0.7126408322006464, 0.7019148344993591, 0.6950999326258898, 0.6964561658650636, 0.6862336463704706, 0.6682862488180399, 0.6743937222659588, 0.6515252880603075, 0.6703592407107353, 0.6618735628575086, 0.6490277719199657, 0.64952929392457, 0.6468217677623034, 0.6469843383580446, 0.6399971247538925, 0.6367299763262272, 0.6190019624382257, 0.6166373635008932, 0.6217760281041265, 0.6129481255784631, 0.6233153345435858, 0.6083676092773675, 0.5965263349711895]

Epoch Num: 36
[0.7973921437542886, 0.7662448287606239, 0.8302401409447193, 0.7992054799348116, 0.8140561968237162, 0.8341159643828869, 0.8067884751558304, 0.788525972828269, 0.7868611313551664, 0.7776201894879341, 0.7541963893100619, 0.7402334173321724, 0.7126408322006464, 0.7019148344993591, 0.6950999326258898, 0.6964561658650636, 0.6862336463704706, 0.6682862488180399, 0.6743937222659588, 0.6515252880603075, 0.6703592407107353, 0.6618735628575086, 0.6490277719199657, 0.64952929392457, 0.6468217677623034, 0.6469843383580446, 0.6399971247538925, 0.6367299763262272, 0.6190019624382257, 0.6166373635008932, 0.6217760281041265, 0.6129481255784631, 0.6233153345435858, 0.6083676092773675, 0.5965263349711895, 0.6074499851390719]

Epoch Num: 37
[0.7973921437542886, 0.7662448287606239, 0.8302401409447193, 0.7992054799348116, 0.8140561968237162, 0.8341159643828869, 0.8067884751558304, 0.788525972828269, 0.7868611313551664, 0.7776201894879341, 0.7541963893100619, 0.7402334173321724, 0.7126408322006464, 0.7019148344993591, 0.6950999326258898, 0.6964561658650636, 0.6862336463704706, 0.6682862488180399, 0.6743937222659588, 0.6515252880603075, 0.6703592407107353, 0.6618735628575086, 0.6490277719199657, 0.64952929392457, 0.6468217677623034, 0.6469843383580446, 0.6399971247538925, 0.6367299763262272, 0.6190019624382257, 0.6166373635008932, 0.6217760281041265, 0.6129481255784631, 0.6233153345435858, 0.6083676092773675, 0.5965263349711895, 0.6074499851390719, 0.5853643845319748]

Epoch Num: 38
[0.7973921437542886, 0.7662448287606239, 0.8302401409447193, 0.7992054799348116, 0.8140561968237162, 0.8341159643828869, 0.8067884751558304, 0.788525972828269, 0.7868611313551664, 0.7776201894879341, 0.7541963893100619, 0.7402334173321724, 0.7126408322006464, 0.7019148344993591, 0.6950999326258898, 0.6964561658650636, 0.6862336463704706, 0.6682862488180399, 0.6743937222659588, 0.6515252880603075, 0.6703592407107353, 0.6618735628575086, 0.6490277719199657, 0.64952929392457, 0.6468217677623034, 0.6469843383580446, 0.6399971247538925, 0.6367299763262272, 0.6190019624382257, 0.6166373635008932, 0.6217760281041265, 0.6129481255784631, 0.6233153345435858, 0.6083676092773675, 0.5965263349711895, 0.6074499851390719, 0.5853643845319748, 0.5945637740567327]

Epoch Num: 39
[0.7973921437542886, 0.7662448287606239, 0.8302401409447193, 0.7992054799348116, 0.8140561968237162, 0.8341159643828869, 0.8067884751558304, 0.788525972828269, 0.7868611313551664, 0.7776201894879341, 0.7541963893100619, 0.7402334173321724, 0.7126408322006464, 0.7019148344993591, 0.6950999326258898, 0.6964561658650636, 0.6862336463704706, 0.6682862488180399, 0.6743937222659588, 0.6515252880603075, 0.6703592407107353, 0.6618735628575086, 0.6490277719199657, 0.64952929392457, 0.6468217677623034, 0.6469843383580446, 0.6399971247538925, 0.6367299763262272, 0.6190019624382257, 0.6166373635008932, 0.6217760281041265, 0.6129481255784631, 0.6233153345435858, 0.6083676092773675, 0.5965263349711895, 0.6074499851390719, 0.5853643845319748, 0.5945637740567327, 0.6010665763691068]

Epoch Num: 40
[0.7973921437542886, 0.7662448287606239, 0.8302401409447193, 0.7992054799348116, 0.8140561968237162, 0.8341159643828869, 0.8067884751558304, 0.788525972828269, 0.7868611313551664, 0.7776201894879341, 0.7541963893100619, 0.7402334173321724, 0.7126408322006464, 0.7019148344993591, 0.6950999326258898, 0.6964561658650636, 0.6862336463704706, 0.6682862488180399, 0.6743937222659588, 0.6515252880603075, 0.6703592407107353, 0.6618735628575086, 0.6490277719199657, 0.64952929392457, 0.6468217677623034, 0.6469843383580446, 0.6399971247538925, 0.6367299763262272, 0.6190019624382257, 0.6166373635008932, 0.6217760281041265, 0.6129481255784631, 0.6233153345435858, 0.6083676092773675, 0.5965263349711895, 0.6074499851390719, 0.5853643845319748, 0.5945637740567327, 0.6010665763691068, 0.6028718850538135]

Epoch Num: 41
[0.7973921437542886, 0.7662448287606239, 0.8302401409447193, 0.7992054799348116, 0.8140561968237162, 0.8341159643828869, 0.8067884751558304, 0.788525972828269, 0.7868611313551664, 0.7776201894879341, 0.7541963893100619, 0.7402334173321724, 0.7126408322006464, 0.7019148344993591, 0.6950999326258898, 0.6964561658650636, 0.6862336463704706, 0.6682862488180399, 0.6743937222659588, 0.6515252880603075, 0.6703592407107353, 0.6618735628575086, 0.6490277719199657, 0.64952929392457, 0.6468217677623034, 0.6469843383580446, 0.6399971247538925, 0.6367299763262272, 0.6190019624382257, 0.6166373635008932, 0.6217760281041265, 0.6129481255784631, 0.6233153345435858, 0.6083676092773675, 0.5965263349711895, 0.6074499851390719, 0.5853643845319748, 0.5945637740567327, 0.6010665763691068, 0.6028718850538135, 0.580128710322082]

Epoch Num: 42
[0.7973921437542886, 0.7662448287606239, 0.8302401409447193, 0.7992054799348116, 0.8140561968237162, 0.8341159643828869, 0.8067884751558304, 0.788525972828269, 0.7868611313551664, 0.7776201894879341, 0.7541963893100619, 0.7402334173321724, 0.7126408322006464, 0.7019148344993591, 0.6950999326258898, 0.6964561658650636, 0.6862336463704706, 0.6682862488180399, 0.6743937222659588, 0.6515252880603075, 0.6703592407107353, 0.6618735628575086, 0.6490277719199657, 0.64952929392457, 0.6468217677623034, 0.6469843383580446, 0.6399971247538925, 0.6367299763262272, 0.6190019624382257, 0.6166373635008932, 0.6217760281041265, 0.6129481255784631, 0.6233153345435858, 0.6083676092773675, 0.5965263349711895, 0.6074499851390719, 0.5853643845319748, 0.5945637740567327, 0.6010665763691068, 0.6028718850538135, 0.580128710322082, 0.577016571380198]

Epoch Num: 43
[0.7973921437542886, 0.7662448287606239, 0.8302401409447193, 0.7992054799348116, 0.8140561968237162, 0.8341159643828869, 0.8067884751558304, 0.788525972828269, 0.7868611313551664, 0.7776201894879341, 0.7541963893100619, 0.7402334173321724, 0.7126408322006464, 0.7019148344993591, 0.6950999326258898, 0.6964561658650636, 0.6862336463704706, 0.6682862488180399, 0.6743937222659588, 0.6515252880603075, 0.6703592407107353, 0.6618735628575086, 0.6490277719199657, 0.64952929392457, 0.6468217677623034, 0.6469843383580446, 0.6399971247538925, 0.6367299763262272, 0.6190019624382257, 0.6166373635008932, 0.6217760281041265, 0.6129481255784631, 0.6233153345435858, 0.6083676092773675, 0.5965263349711895, 0.6074499851390719, 0.5853643845319748, 0.5945637740567327, 0.6010665763691068, 0.6028718850538135, 0.580128710322082, 0.577016571380198, 0.5852822779193521]

Epoch Num: 44
[0.7973921437542886, 0.7662448287606239, 0.8302401409447193, 0.7992054799348116, 0.8140561968237162, 0.8341159643828869, 0.8067884751558304, 0.788525972828269, 0.7868611313551664, 0.7776201894879341, 0.7541963893100619, 0.7402334173321724, 0.7126408322006464, 0.7019148344993591, 0.6950999326258898, 0.6964561658650636, 0.6862336463704706, 0.6682862488180399, 0.6743937222659588, 0.6515252880603075, 0.6703592407107353, 0.6618735628575086, 0.6490277719199657, 0.64952929392457, 0.6468217677623034, 0.6469843383580446, 0.6399971247538925, 0.6367299763262272, 0.6190019624382257, 0.6166373635008932, 0.6217760281041265, 0.6129481255784631, 0.6233153345435858, 0.6083676092773675, 0.5965263349711895, 0.6074499851390719, 0.5853643845319748, 0.5945637740567327, 0.6010665763691068, 0.6028718850538135, 0.580128710322082, 0.577016571380198, 0.5852822779193521, 0.5877939891703426]

Epoch Num: 45
[0.7973921437542886, 0.7662448287606239, 0.8302401409447193, 0.7992054799348116, 0.8140561968237162, 0.8341159643828869, 0.8067884751558304, 0.788525972828269, 0.7868611313551664, 0.7776201894879341, 0.7541963893100619, 0.7402334173321724, 0.7126408322006464, 0.7019148344993591, 0.6950999326258898, 0.6964561658650636, 0.6862336463704706, 0.6682862488180399, 0.6743937222659588, 0.6515252880603075, 0.6703592407107353, 0.6618735628575086, 0.6490277719199657, 0.64952929392457, 0.6468217677623034, 0.6469843383580446, 0.6399971247538925, 0.6367299763262272, 0.6190019624382257, 0.6166373635008932, 0.6217760281041265, 0.6129481255784631, 0.6233153345435858, 0.6083676092773675, 0.5965263349711895, 0.6074499851390719, 0.5853643845319748, 0.5945637740567327, 0.6010665763691068, 0.6028718850538135, 0.580128710322082, 0.577016571380198, 0.5852822779193521, 0.5877939891703426, 0.5658088562488556]

Epoch Num: 46
[0.7973921437542886, 0.7662448287606239, 0.8302401409447193, 0.7992054799348116, 0.8140561968237162, 0.8341159643828869, 0.8067884751558304, 0.788525972828269, 0.7868611313551664, 0.7776201894879341, 0.7541963893100619, 0.7402334173321724, 0.7126408322006464, 0.7019148344993591, 0.6950999326258898, 0.6964561658650636, 0.6862336463704706, 0.6682862488180399, 0.6743937222659588, 0.6515252880603075, 0.6703592407107353, 0.6618735628575086, 0.6490277719199657, 0.64952929392457, 0.6468217677623034, 0.6469843383580446, 0.6399971247538925, 0.6367299763262272, 0.6190019624382257, 0.6166373635008932, 0.6217760281041265, 0.6129481255784631, 0.6233153345435858, 0.6083676092773675, 0.5965263349711895, 0.6074499851390719, 0.5853643845319748, 0.5945637740567327, 0.6010665763691068, 0.6028718850538135, 0.580128710322082, 0.577016571380198, 0.5852822779193521, 0.5877939891703426, 0.5658088562488556, 0.5750837001278997]

Epoch Num: 47
[0.7973921437542886, 0.7662448287606239, 0.8302401409447193, 0.7992054799348116, 0.8140561968237162, 0.8341159643828869, 0.8067884751558304, 0.788525972828269, 0.7868611313551664, 0.7776201894879341, 0.7541963893100619, 0.7402334173321724, 0.7126408322006464, 0.7019148344993591, 0.6950999326258898, 0.6964561658650636, 0.6862336463704706, 0.6682862488180399, 0.6743937222659588, 0.6515252880603075, 0.6703592407107353, 0.6618735628575086, 0.6490277719199657, 0.64952929392457, 0.6468217677623034, 0.6469843383580446, 0.6399971247538925, 0.6367299763262272, 0.6190019624382257, 0.6166373635008932, 0.6217760281041265, 0.6129481255784631, 0.6233153345435858, 0.6083676092773675, 0.5965263349711895, 0.6074499851390719, 0.5853643845319748, 0.5945637740567327, 0.6010665763691068, 0.6028718850538135, 0.580128710322082, 0.577016571380198, 0.5852822779193521, 0.5877939891703426, 0.5658088562488556, 0.5750837001278997, 0.5702981382161378]

Epoch Num: 48
[0.7973921437542886, 0.7662448287606239, 0.8302401409447193, 0.7992054799348116, 0.8140561968237162, 0.8341159643828869, 0.8067884751558304, 0.788525972828269, 0.7868611313551664, 0.7776201894879341, 0.7541963893100619, 0.7402334173321724, 0.7126408322006464, 0.7019148344993591, 0.6950999326258898, 0.6964561658650636, 0.6862336463704706, 0.6682862488180399, 0.6743937222659588, 0.6515252880603075, 0.6703592407107353, 0.6618735628575086, 0.6490277719199657, 0.64952929392457, 0.6468217677623034, 0.6469843383580446, 0.6399971247538925, 0.6367299763262272, 0.6190019624382257, 0.6166373635008932, 0.6217760281041265, 0.6129481255784631, 0.6233153345435858, 0.6083676092773675, 0.5965263349711895, 0.6074499851390719, 0.5853643845319748, 0.5945637740567327, 0.6010665763691068, 0.6028718850538135, 0.580128710322082, 0.577016571380198, 0.5852822779193521, 0.5877939891703426, 0.5658088562488556, 0.5750837001278997, 0.5702981382161378, 0.5569842153564095]

Epoch Num: 49
[0.7973921437542886, 0.7662448287606239, 0.8302401409447193, 0.7992054799348116, 0.8140561968237162, 0.8341159643828869, 0.8067884751558304, 0.788525972828269, 0.7868611313551664, 0.7776201894879341, 0.7541963893100619, 0.7402334173321724, 0.7126408322006464, 0.7019148344993591, 0.6950999326258898, 0.6964561658650636, 0.6862336463704706, 0.6682862488180399, 0.6743937222659588, 0.6515252880603075, 0.6703592407107353, 0.6618735628575086, 0.6490277719199657, 0.64952929392457, 0.6468217677623034, 0.6469843383580446, 0.6399971247538925, 0.6367299763262272, 0.6190019624382257, 0.6166373635008932, 0.6217760281041265, 0.6129481255784631, 0.6233153345435858, 0.6083676092773675, 0.5965263349711895, 0.6074499851390719, 0.5853643845319748, 0.5945637740567327, 0.6010665763691068, 0.6028718850538135, 0.580128710322082, 0.577016571380198, 0.5852822779193521, 0.5877939891703426, 0.5658088562488556, 0.5750837001278997, 0.5702981382161378, 0.5569842153564095, 0.5777051595449447]

Epoch Num: 50
[0.7973921437542886, 0.7662448287606239, 0.8302401409447193, 0.7992054799348116, 0.8140561968237162, 0.8341159643828869, 0.8067884751558304, 0.788525972828269, 0.7868611313551664, 0.7776201894879341, 0.7541963893100619, 0.7402334173321724, 0.7126408322006464, 0.7019148344993591, 0.6950999326258898, 0.6964561658650636, 0.6862336463704706, 0.6682862488180399, 0.6743937222659588, 0.6515252880603075, 0.6703592407107353, 0.6618735628575086, 0.6490277719199657, 0.64952929392457, 0.6468217677623034, 0.6469843383580446, 0.6399971247538925, 0.6367299763262272, 0.6190019624382257, 0.6166373635008932, 0.6217760281041265, 0.6129481255784631, 0.6233153345435858, 0.6083676092773675, 0.5965263349711895, 0.6074499851390719, 0.5853643845319748, 0.5945637740567327, 0.6010665763691068, 0.6028718850538135, 0.580128710322082, 0.577016571380198, 0.5852822779193521, 0.5877939891703426, 0.5658088562488556, 0.5750837001278997, 0.5702981382161378, 0.5569842153564095, 0.5777051595449447, 0.5665943565890192]

Epoch Num: 51
[0.5571092583686114]

Epoch Num: 52
[0.5615311589501798]

Epoch Num: 53
[0.5615311589501798, 0.5745347855463624]

Epoch Num: 54
[0.5615311589501798, 0.5745347855463624, 0.5528049510866404]

Epoch Num: 55
[0.5615311589501798, 0.5745347855463624, 0.5528049510866404, 0.5536557959541678]

Epoch Num: 56
[0.5615311589501798, 0.5745347855463624, 0.5528049510866404, 0.5536557959541678, 0.5563437325060367]

Epoch Num: 57
[0.5615311589501798, 0.5745347855463624, 0.5528049510866404, 0.5536557959541678, 0.5563437325060367, 0.5548971576839685]

Epoch Num: 58
[0.5615311589501798, 0.5745347855463624, 0.5528049510866404, 0.5536557959541678, 0.5563437325060367, 0.5548971576839685, 0.54719987565279]

Epoch Num: 59
[0.5615311589501798, 0.5745347855463624, 0.5528049510866404, 0.5536557959541678, 0.5563437325060367, 0.5548971576839685, 0.54719987565279, 0.5469751692600548]

Epoch Num: 60
[0.5615311589501798, 0.5745347855463624, 0.5528049510866404, 0.5536557959541678, 0.5563437325060367, 0.5548971576839685, 0.54719987565279, 0.5469751692600548, 0.5417886716183274]

Epoch Num: 61
[0.7973921437542886, 0.7662448287606239, 0.8302401409447193, 0.7992054799348116, 0.8140561968237162, 0.8341159643828869, 0.8067884751558304, 0.788525972828269, 0.7868611313551664, 0.7776201894879341, 0.7541963893100619, 0.7402334173321724, 0.7126408322006464, 0.7019148344993591, 0.6950999326258898, 0.6964561658650636, 0.6862336463704706, 0.6682862488180399, 0.6743937222659588, 0.6515252880603075, 0.6703592407107353, 0.6618735628575086, 0.6490277719199657, 0.64952929392457, 0.6468217677623034, 0.6469843383580446, 0.6399971247538925, 0.6367299763262272, 0.6190019624382257, 0.6166373635008932, 0.6217760281041265, 0.6129481255784631, 0.6233153345435858, 0.6083676092773675, 0.5965263349711895, 0.6074499851390719, 0.5853643845319748, 0.5945637740567327, 0.6010665763691068, 0.6028718850538135, 0.580128710322082, 0.577016571380198, 0.5852822779193521, 0.5877939891703426, 0.5658088562488556, 0.5750837001278997, 0.5702981382161378, 0.5569842153564095, 0.5777051595449447, 0.5665943565890192, 0.5571092583686114, 0.5615311589501798, 0.5745347855463624, 0.5528049510866404, 0.5536557959541678, 0.5563437325060367, 0.5548971576839685, 0.54719987565279, 0.5469751692600548, 0.5417886716183274, 0.5524656057842076]

