Epoch Num: 1
[2.517469191359072]

Epoch Num: 2
[2.517469191359072, 2.377459047211757]

Epoch Num: 3
[2.517469191359072, 2.377459047211757, 2.330004604308986]

Epoch Num: 4
[2.517469191359072, 2.377459047211757, 2.330004604308986, 2.4320650076732253]

Epoch Num: 5
[2.517469191359072, 2.377459047211757, 2.330004604308986, 2.4320650076732253, 2.1106035142090596]

Epoch Num: 6
[2.517469191359072, 2.377459047211757, 2.330004604308986, 2.4320650076732253, 2.1106035142090596, 2.1146908703583853]

Epoch Num: 7
[2.517469191359072, 2.377459047211757, 2.330004604308986, 2.4320650076732253, 2.1106035142090596, 2.1146908703583853, 1.968841091462769]

Epoch Num: 8
[2.517469191359072, 2.377459047211757, 2.330004604308986, 2.4320650076732253, 2.1106035142090596, 2.1146908703583853, 1.968841091462769, 2.026118022849079]

Epoch Num: 9
[2.517469191359072, 2.377459047211757, 2.330004604308986, 2.4320650076732253, 2.1106035142090596, 2.1146908703583853, 1.968841091462769, 2.026118022849079, 2.041521606102706]

Epoch Num: 10
[2.517469191359072, 2.377459047211757, 2.330004604308986, 2.4320650076732253, 2.1106035142090596, 2.1146908703583853, 1.968841091462769, 2.026118022849079, 2.041521606102706, 1.9553735367150358]

Epoch Num: 11
[2.517469191359072, 2.377459047211757, 2.330004604308986, 2.4320650076732253, 2.1106035142090596, 2.1146908703583853, 1.968841091462769, 2.026118022849079, 2.041521606102706, 1.9553735367150358, 2.004007283372618]

Epoch Num: 12
[2.517469191359072, 2.377459047211757, 2.330004604308986, 2.4320650076732253, 2.1106035142090596, 2.1146908703583853, 1.968841091462769, 2.026118022849079, 2.041521606102706, 1.9553735367150358, 2.004007283372618, 2.000732402195958]

Epoch Num: 13
[2.517469191359072, 2.377459047211757, 2.330004604308986, 2.4320650076732253, 2.1106035142090596, 2.1146908703583853, 1.968841091462769, 2.026118022849079, 2.041521606102706, 1.9553735367150358, 2.004007283372618, 2.000732402195958, 1.8586761552610918]

Epoch Num: 14
[2.517469191359072, 2.377459047211757, 2.330004604308986, 2.4320650076732253, 2.1106035142090596, 2.1146908703583853, 1.968841091462769, 2.026118022849079, 2.041521606102706, 1.9553735367150358, 2.004007283372618, 2.000732402195958, 1.8586761552610918, 1.851601728852431]

Epoch Num: 15
[2.517469191359072, 2.377459047211757, 2.330004604308986, 2.4320650076732253, 2.1106035142090596, 2.1146908703583853, 1.968841091462769, 2.026118022849079, 2.041521606102706, 1.9553735367150358, 2.004007283372618, 2.000732402195958, 1.8586761552610918, 1.851601728852431, 1.7622347387159223]

Epoch Num: 16
[2.517469191359072, 2.377459047211757, 2.330004604308986, 2.4320650076732253, 2.1106035142090596, 2.1146908703583853, 1.968841091462769, 2.026118022849079, 2.041521606102706, 1.9553735367150358, 2.004007283372618, 2.000732402195958, 1.8586761552610918, 1.851601728852431, 1.7622347387159223, 1.8204384201886932]

Epoch Num: 17
[2.517469191359072, 2.377459047211757, 2.330004604308986, 2.4320650076732253, 2.1106035142090596, 2.1146908703583853, 1.968841091462769, 2.026118022849079, 2.041521606102706, 1.9553735367150358, 2.004007283372618, 2.000732402195958, 1.8586761552610918, 1.851601728852431, 1.7622347387159223, 1.8204384201886932, 1.566795654489865]

Epoch Num: 18
[2.517469191359072, 2.377459047211757, 2.330004604308986, 2.4320650076732253, 2.1106035142090596, 2.1146908703583853, 1.968841091462769, 2.026118022849079, 2.041521606102706, 1.9553735367150358, 2.004007283372618, 2.000732402195958, 1.8586761552610918, 1.851601728852431, 1.7622347387159223, 1.8204384201886932, 1.566795654489865, 1.4353730764814752]

Epoch Num: 19
[2.517469191359072, 2.377459047211757, 2.330004604308986, 2.4320650076732253, 2.1106035142090596, 2.1146908703583853, 1.968841091462769, 2.026118022849079, 2.041521606102706, 1.9553735367150358, 2.004007283372618, 2.000732402195958, 1.8586761552610918, 1.851601728852431, 1.7622347387159223, 1.8204384201886932, 1.566795654489865, 1.4353730764814752, 1.6185151419239203]

Epoch Num: 20
[2.517469191359072, 2.377459047211757, 2.330004604308986, 2.4320650076732253, 2.1106035142090596, 2.1146908703583853, 1.968841091462769, 2.026118022849079, 2.041521606102706, 1.9553735367150358, 2.004007283372618, 2.000732402195958, 1.8586761552610918, 1.851601728852431, 1.7622347387159223, 1.8204384201886932, 1.566795654489865, 1.4353730764814752, 1.6185151419239203, 1.3682924203903604]

Epoch Num: 21
[2.517469191359072, 2.377459047211757, 2.330004604308986, 2.4320650076732253, 2.1106035142090596, 2.1146908703583853, 1.968841091462769, 2.026118022849079, 2.041521606102706, 1.9553735367150358, 2.004007283372618, 2.000732402195958, 1.8586761552610918, 1.851601728852431, 1.7622347387159223, 1.8204384201886932, 1.566795654489865, 1.4353730764814752, 1.6185151419239203, 1.3682924203903604, 1.3192991797465756]

Epoch Num: 22
[2.517469191359072, 2.377459047211757, 2.330004604308986, 2.4320650076732253, 2.1106035142090596, 2.1146908703583853, 1.968841091462769, 2.026118022849079, 2.041521606102706, 1.9553735367150358, 2.004007283372618, 2.000732402195958, 1.8586761552610918, 1.851601728852431, 1.7622347387159223, 1.8204384201886932, 1.566795654489865, 1.4353730764814752, 1.6185151419239203, 1.3682924203903604, 1.3192991797465756, 1.2521906511081777]

Epoch Num: 23
[2.517469191359072, 2.377459047211757, 2.330004604308986, 2.4320650076732253, 2.1106035142090596, 2.1146908703583853, 1.968841091462769, 2.026118022849079, 2.041521606102706, 1.9553735367150358, 2.004007283372618, 2.000732402195958, 1.8586761552610918, 1.851601728852431, 1.7622347387159223, 1.8204384201886932, 1.566795654489865, 1.4353730764814752, 1.6185151419239203, 1.3682924203903604, 1.3192991797465756, 1.2521906511081777, 1.2258649197358324]

Epoch Num: 24
[2.517469191359072, 2.377459047211757, 2.330004604308986, 2.4320650076732253, 2.1106035142090596, 2.1146908703583853, 1.968841091462769, 2.026118022849079, 2.041521606102706, 1.9553735367150358, 2.004007283372618, 2.000732402195958, 1.8586761552610918, 1.851601728852431, 1.7622347387159223, 1.8204384201886932, 1.566795654489865, 1.4353730764814752, 1.6185151419239203, 1.3682924203903604, 1.3192991797465756, 1.2521906511081777, 1.2258649197358324, 1.3223309788119102]

Epoch Num: 25
[2.517469191359072, 2.377459047211757, 2.330004604308986, 2.4320650076732253, 2.1106035142090596, 2.1146908703583853, 1.968841091462769, 2.026118022849079, 2.041521606102706, 1.9553735367150358, 2.004007283372618, 2.000732402195958, 1.8586761552610918, 1.851601728852431, 1.7622347387159223, 1.8204384201886932, 1.566795654489865, 1.4353730764814752, 1.6185151419239203, 1.3682924203903604, 1.3192991797465756, 1.2521906511081777, 1.2258649197358324, 1.3223309788119102, 1.1113193293332115]

Epoch Num: 26
[2.517469191359072, 2.377459047211757, 2.330004604308986, 2.4320650076732253, 2.1106035142090596, 2.1146908703583853, 1.968841091462769, 2.026118022849079, 2.041521606102706, 1.9553735367150358, 2.004007283372618, 2.000732402195958, 1.8586761552610918, 1.851601728852431, 1.7622347387159223, 1.8204384201886932, 1.566795654489865, 1.4353730764814752, 1.6185151419239203, 1.3682924203903604, 1.3192991797465756, 1.2521906511081777, 1.2258649197358324, 1.3223309788119102, 1.1113193293332115, 1.2034775287075408]

Epoch Num: 27
[2.517469191359072, 2.377459047211757, 2.330004604308986, 2.4320650076732253, 2.1106035142090596, 2.1146908703583853, 1.968841091462769, 2.026118022849079, 2.041521606102706, 1.9553735367150358, 2.004007283372618, 2.000732402195958, 1.8586761552610918, 1.851601728852431, 1.7622347387159223, 1.8204384201886932, 1.566795654489865, 1.4353730764814752, 1.6185151419239203, 1.3682924203903604, 1.3192991797465756, 1.2521906511081777, 1.2258649197358324, 1.3223309788119102, 1.1113193293332115, 1.2034775287075408, 1.215245325370178]

Epoch Num: 28
[2.517469191359072, 2.377459047211757, 2.330004604308986, 2.4320650076732253, 2.1106035142090596, 2.1146908703583853, 1.968841091462769, 2.026118022849079, 2.041521606102706, 1.9553735367150358, 2.004007283372618, 2.000732402195958, 1.8586761552610918, 1.851601728852431, 1.7622347387159223, 1.8204384201886932, 1.566795654489865, 1.4353730764814752, 1.6185151419239203, 1.3682924203903604, 1.3192991797465756, 1.2521906511081777, 1.2258649197358324, 1.3223309788119102, 1.1113193293332115, 1.2034775287075408, 1.215245325370178, 1.2049494294985634]

Epoch Num: 29
[2.517469191359072, 2.377459047211757, 2.330004604308986, 2.4320650076732253, 2.1106035142090596, 2.1146908703583853, 1.968841091462769, 2.026118022849079, 2.041521606102706, 1.9553735367150358, 2.004007283372618, 2.000732402195958, 1.8586761552610918, 1.851601728852431, 1.7622347387159223, 1.8204384201886932, 1.566795654489865, 1.4353730764814752, 1.6185151419239203, 1.3682924203903604, 1.3192991797465756, 1.2521906511081777, 1.2258649197358324, 1.3223309788119102, 1.1113193293332115, 1.2034775287075408, 1.215245325370178, 1.2049494294985634, 1.107806087540515]

Epoch Num: 30
[2.517469191359072, 2.377459047211757, 2.330004604308986, 2.4320650076732253, 2.1106035142090596, 2.1146908703583853, 1.968841091462769, 2.026118022849079, 2.041521606102706, 1.9553735367150358, 2.004007283372618, 2.000732402195958, 1.8586761552610918, 1.851601728852431, 1.7622347387159223, 1.8204384201886932, 1.566795654489865, 1.4353730764814752, 1.6185151419239203, 1.3682924203903604, 1.3192991797465756, 1.2521906511081777, 1.2258649197358324, 1.3223309788119102, 1.1113193293332115, 1.2034775287075408, 1.215245325370178, 1.2049494294985634, 1.107806087540515, 1.219560287784313]

Epoch Num: 31
[2.517469191359072, 2.377459047211757, 2.330004604308986, 2.4320650076732253, 2.1106035142090596, 2.1146908703583853, 1.968841091462769, 2.026118022849079, 2.041521606102706, 1.9553735367150358, 2.004007283372618, 2.000732402195958, 1.8586761552610918, 1.851601728852431, 1.7622347387159223, 1.8204384201886932, 1.566795654489865, 1.4353730764814752, 1.6185151419239203, 1.3682924203903604, 1.3192991797465756, 1.2521906511081777, 1.2258649197358324, 1.3223309788119102, 1.1113193293332115, 1.2034775287075408, 1.215245325370178, 1.2049494294985634, 1.107806087540515, 1.219560287784313, 1.0825538393930427]

Epoch Num: 32
[2.517469191359072, 2.377459047211757, 2.330004604308986, 2.4320650076732253, 2.1106035142090596, 2.1146908703583853, 1.968841091462769, 2.026118022849079, 2.041521606102706, 1.9553735367150358, 2.004007283372618, 2.000732402195958, 1.8586761552610918, 1.851601728852431, 1.7622347387159223, 1.8204384201886932, 1.566795654489865, 1.4353730764814752, 1.6185151419239203, 1.3682924203903604, 1.3192991797465756, 1.2521906511081777, 1.2258649197358324, 1.3223309788119102, 1.1113193293332115, 1.2034775287075408, 1.215245325370178, 1.2049494294985634, 1.107806087540515, 1.219560287784313, 1.0825538393930427, 1.1655807276565568]

Epoch Num: 33
[2.517469191359072, 2.377459047211757, 2.330004604308986, 2.4320650076732253, 2.1106035142090596, 2.1146908703583853, 1.968841091462769, 2.026118022849079, 2.041521606102706, 1.9553735367150358, 2.004007283372618, 2.000732402195958, 1.8586761552610918, 1.851601728852431, 1.7622347387159223, 1.8204384201886932, 1.566795654489865, 1.4353730764814752, 1.6185151419239203, 1.3682924203903604, 1.3192991797465756, 1.2521906511081777, 1.2258649197358324, 1.3223309788119102, 1.1113193293332115, 1.2034775287075408, 1.215245325370178, 1.2049494294985634, 1.107806087540515, 1.219560287784313, 1.0825538393930427, 1.1655807276565568, 1.1440512260550608]

Epoch Num: 34
[2.517469191359072, 2.377459047211757, 2.330004604308986, 2.4320650076732253, 2.1106035142090596, 2.1146908703583853, 1.968841091462769, 2.026118022849079, 2.041521606102706, 1.9553735367150358, 2.004007283372618, 2.000732402195958, 1.8586761552610918, 1.851601728852431, 1.7622347387159223, 1.8204384201886932, 1.566795654489865, 1.4353730764814752, 1.6185151419239203, 1.3682924203903604, 1.3192991797465756, 1.2521906511081777, 1.2258649197358324, 1.3223309788119102, 1.1113193293332115, 1.2034775287075408, 1.215245325370178, 1.2049494294985634, 1.107806087540515, 1.219560287784313, 1.0825538393930427, 1.1655807276565568, 1.1440512260550608, 0.9776908134796358]

Epoch Num: 35
[2.517469191359072, 2.377459047211757, 2.330004604308986, 2.4320650076732253, 2.1106035142090596, 2.1146908703583853, 1.968841091462769, 2.026118022849079, 2.041521606102706, 1.9553735367150358, 2.004007283372618, 2.000732402195958, 1.8586761552610918, 1.851601728852431, 1.7622347387159223, 1.8204384201886932, 1.566795654489865, 1.4353730764814752, 1.6185151419239203, 1.3682924203903604, 1.3192991797465756, 1.2521906511081777, 1.2258649197358324, 1.3223309788119102, 1.1113193293332115, 1.2034775287075408, 1.215245325370178, 1.2049494294985634, 1.107806087540515, 1.219560287784313, 1.0825538393930427, 1.1655807276565568, 1.1440512260550608, 0.9776908134796358, 1.094820644736599]

Epoch Num: 36
[2.517469191359072, 2.377459047211757, 2.330004604308986, 2.4320650076732253, 2.1106035142090596, 2.1146908703583853, 1.968841091462769, 2.026118022849079, 2.041521606102706, 1.9553735367150358, 2.004007283372618, 2.000732402195958, 1.8586761552610918, 1.851601728852431, 1.7622347387159223, 1.8204384201886932, 1.566795654489865, 1.4353730764814752, 1.6185151419239203, 1.3682924203903604, 1.3192991797465756, 1.2521906511081777, 1.2258649197358324, 1.3223309788119102, 1.1113193293332115, 1.2034775287075408, 1.215245325370178, 1.2049494294985634, 1.107806087540515, 1.219560287784313, 1.0825538393930427, 1.1655807276565568, 1.1440512260550608, 0.9776908134796358, 1.094820644736599, 1.1255391162506176]

Epoch Num: 37
[2.517469191359072, 2.377459047211757, 2.330004604308986, 2.4320650076732253, 2.1106035142090596, 2.1146908703583853, 1.968841091462769, 2.026118022849079, 2.041521606102706, 1.9553735367150358, 2.004007283372618, 2.000732402195958, 1.8586761552610918, 1.851601728852431, 1.7622347387159223, 1.8204384201886932, 1.566795654489865, 1.4353730764814752, 1.6185151419239203, 1.3682924203903604, 1.3192991797465756, 1.2521906511081777, 1.2258649197358324, 1.3223309788119102, 1.1113193293332115, 1.2034775287075408, 1.215245325370178, 1.2049494294985634, 1.107806087540515, 1.219560287784313, 1.0825538393930427, 1.1655807276565568, 1.1440512260550608, 0.9776908134796358, 1.094820644736599, 1.1255391162506176, 1.0749060833950066]

Epoch Num: 38
[2.517469191359072, 2.377459047211757, 2.330004604308986, 2.4320650076732253, 2.1106035142090596, 2.1146908703583853, 1.968841091462769, 2.026118022849079, 2.041521606102706, 1.9553735367150358, 2.004007283372618, 2.000732402195958, 1.8586761552610918, 1.851601728852431, 1.7622347387159223, 1.8204384201886932, 1.566795654489865, 1.4353730764814752, 1.6185151419239203, 1.3682924203903604, 1.3192991797465756, 1.2521906511081777, 1.2258649197358324, 1.3223309788119102, 1.1113193293332115, 1.2034775287075408, 1.215245325370178, 1.2049494294985634, 1.107806087540515, 1.219560287784313, 1.0825538393930427, 1.1655807276565568, 1.1440512260550608, 0.9776908134796358, 1.094820644736599, 1.1255391162506176, 1.0749060833950066, 0.9966967476940616]

Epoch Num: 39
[2.517469191359072, 2.377459047211757, 2.330004604308986, 2.4320650076732253, 2.1106035142090596, 2.1146908703583853, 1.968841091462769, 2.026118022849079, 2.041521606102706, 1.9553735367150358, 2.004007283372618, 2.000732402195958, 1.8586761552610918, 1.851601728852431, 1.7622347387159223, 1.8204384201886932, 1.566795654489865, 1.4353730764814752, 1.6185151419239203, 1.3682924203903604, 1.3192991797465756, 1.2521906511081777, 1.2258649197358324, 1.3223309788119102, 1.1113193293332115, 1.2034775287075408, 1.215245325370178, 1.2049494294985634, 1.107806087540515, 1.219560287784313, 1.0825538393930427, 1.1655807276565568, 1.1440512260550608, 0.9776908134796358, 1.094820644736599, 1.1255391162506176, 1.0749060833950066, 0.9966967476940616, 1.007034423797212]

Epoch Num: 40
[2.517469191359072, 2.377459047211757, 2.330004604308986, 2.4320650076732253, 2.1106035142090596, 2.1146908703583853, 1.968841091462769, 2.026118022849079, 2.041521606102706, 1.9553735367150358, 2.004007283372618, 2.000732402195958, 1.8586761552610918, 1.851601728852431, 1.7622347387159223, 1.8204384201886932, 1.566795654489865, 1.4353730764814752, 1.6185151419239203, 1.3682924203903604, 1.3192991797465756, 1.2521906511081777, 1.2258649197358324, 1.3223309788119102, 1.1113193293332115, 1.2034775287075408, 1.215245325370178, 1.2049494294985634, 1.107806087540515, 1.219560287784313, 1.0825538393930427, 1.1655807276565568, 1.1440512260550608, 0.9776908134796358, 1.094820644736599, 1.1255391162506176, 1.0749060833950066, 0.9966967476940616, 1.007034423797212, 0.8572301401887356]

Epoch Num: 41
[2.517469191359072, 2.377459047211757, 2.330004604308986, 2.4320650076732253, 2.1106035142090596, 2.1146908703583853, 1.968841091462769, 2.026118022849079, 2.041521606102706, 1.9553735367150358, 2.004007283372618, 2.000732402195958, 1.8586761552610918, 1.851601728852431, 1.7622347387159223, 1.8204384201886932, 1.566795654489865, 1.4353730764814752, 1.6185151419239203, 1.3682924203903604, 1.3192991797465756, 1.2521906511081777, 1.2258649197358324, 1.3223309788119102, 1.1113193293332115, 1.2034775287075408, 1.215245325370178, 1.2049494294985634, 1.107806087540515, 1.219560287784313, 1.0825538393930427, 1.1655807276565568, 1.1440512260550608, 0.9776908134796358, 1.094820644736599, 1.1255391162506176, 1.0749060833950066, 0.9966967476940616, 1.007034423797212, 0.8572301401887356, 0.9088442337457165]

Epoch Num: 42
[2.517469191359072, 2.377459047211757, 2.330004604308986, 2.4320650076732253, 2.1106035142090596, 2.1146908703583853, 1.968841091462769, 2.026118022849079, 2.041521606102706, 1.9553735367150358, 2.004007283372618, 2.000732402195958, 1.8586761552610918, 1.851601728852431, 1.7622347387159223, 1.8204384201886932, 1.566795654489865, 1.4353730764814752, 1.6185151419239203, 1.3682924203903604, 1.3192991797465756, 1.2521906511081777, 1.2258649197358324, 1.3223309788119102, 1.1113193293332115, 1.2034775287075408, 1.215245325370178, 1.2049494294985634, 1.107806087540515, 1.219560287784313, 1.0825538393930427, 1.1655807276565568, 1.1440512260550608, 0.9776908134796358, 1.094820644736599, 1.1255391162506176, 1.0749060833950066, 0.9966967476940616, 1.007034423797212, 0.8572301401887356, 0.9088442337457165, 0.991504636797007]

Epoch Num: 43
[2.517469191359072, 2.377459047211757, 2.330004604308986, 2.4320650076732253, 2.1106035142090596, 2.1146908703583853, 1.968841091462769, 2.026118022849079, 2.041521606102706, 1.9553735367150358, 2.004007283372618, 2.000732402195958, 1.8586761552610918, 1.851601728852431, 1.7622347387159223, 1.8204384201886932, 1.566795654489865, 1.4353730764814752, 1.6185151419239203, 1.3682924203903604, 1.3192991797465756, 1.2521906511081777, 1.2258649197358324, 1.3223309788119102, 1.1113193293332115, 1.2034775287075408, 1.215245325370178, 1.2049494294985634, 1.107806087540515, 1.219560287784313, 1.0825538393930427, 1.1655807276565568, 1.1440512260550608, 0.9776908134796358, 1.094820644736599, 1.1255391162506176, 1.0749060833950066, 0.9966967476940616, 1.007034423797212, 0.8572301401887356, 0.9088442337457165, 0.991504636797007, 0.9815135429053513]

Epoch Num: 44
[2.517469191359072, 2.377459047211757, 2.330004604308986, 2.4320650076732253, 2.1106035142090596, 2.1146908703583853, 1.968841091462769, 2.026118022849079, 2.041521606102706, 1.9553735367150358, 2.004007283372618, 2.000732402195958, 1.8586761552610918, 1.851601728852431, 1.7622347387159223, 1.8204384201886932, 1.566795654489865, 1.4353730764814752, 1.6185151419239203, 1.3682924203903604, 1.3192991797465756, 1.2521906511081777, 1.2258649197358324, 1.3223309788119102, 1.1113193293332115, 1.2034775287075408, 1.215245325370178, 1.2049494294985634, 1.107806087540515, 1.219560287784313, 1.0825538393930427, 1.1655807276565568, 1.1440512260550608, 0.9776908134796358, 1.094820644736599, 1.1255391162506176, 1.0749060833950066, 0.9966967476940616, 1.007034423797212, 0.8572301401887356, 0.9088442337457165, 0.991504636797007, 0.9815135429053513, 0.9511815501183242]

Epoch Num: 45
[2.517469191359072, 2.377459047211757, 2.330004604308986, 2.4320650076732253, 2.1106035142090596, 2.1146908703583853, 1.968841091462769, 2.026118022849079, 2.041521606102706, 1.9553735367150358, 2.004007283372618, 2.000732402195958, 1.8586761552610918, 1.851601728852431, 1.7622347387159223, 1.8204384201886932, 1.566795654489865, 1.4353730764814752, 1.6185151419239203, 1.3682924203903604, 1.3192991797465756, 1.2521906511081777, 1.2258649197358324, 1.3223309788119102, 1.1113193293332115, 1.2034775287075408, 1.215245325370178, 1.2049494294985634, 1.107806087540515, 1.219560287784313, 1.0825538393930427, 1.1655807276565568, 1.1440512260550608, 0.9776908134796358, 1.094820644736599, 1.1255391162506176, 1.0749060833950066, 0.9966967476940616, 1.007034423797212, 0.8572301401887356, 0.9088442337457165, 0.991504636797007, 0.9815135429053513, 0.9511815501183242, 0.9622928122767154]

Epoch Num: 46
[2.517469191359072, 2.377459047211757, 2.330004604308986, 2.4320650076732253, 2.1106035142090596, 2.1146908703583853, 1.968841091462769, 2.026118022849079, 2.041521606102706, 1.9553735367150358, 2.004007283372618, 2.000732402195958, 1.8586761552610918, 1.851601728852431, 1.7622347387159223, 1.8204384201886932, 1.566795654489865, 1.4353730764814752, 1.6185151419239203, 1.3682924203903604, 1.3192991797465756, 1.2521906511081777, 1.2258649197358324, 1.3223309788119102, 1.1113193293332115, 1.2034775287075408, 1.215245325370178, 1.2049494294985634, 1.107806087540515, 1.219560287784313, 1.0825538393930427, 1.1655807276565568, 1.1440512260550608, 0.9776908134796358, 1.094820644736599, 1.1255391162506176, 1.0749060833950066, 0.9966967476940616, 1.007034423797212, 0.8572301401887356, 0.9088442337457165, 0.991504636797007, 0.9815135429053513, 0.9511815501183242, 0.9622928122767154, 0.9547808063424393]

Epoch Num: 47
[2.517469191359072, 2.377459047211757, 2.330004604308986, 2.4320650076732253, 2.1106035142090596, 2.1146908703583853, 1.968841091462769, 2.026118022849079, 2.041521606102706, 1.9553735367150358, 2.004007283372618, 2.000732402195958, 1.8586761552610918, 1.851601728852431, 1.7622347387159223, 1.8204384201886932, 1.566795654489865, 1.4353730764814752, 1.6185151419239203, 1.3682924203903604, 1.3192991797465756, 1.2521906511081777, 1.2258649197358324, 1.3223309788119102, 1.1113193293332115, 1.2034775287075408, 1.215245325370178, 1.2049494294985634, 1.107806087540515, 1.219560287784313, 1.0825538393930427, 1.1655807276565568, 1.1440512260550608, 0.9776908134796358, 1.094820644736599, 1.1255391162506176, 1.0749060833950066, 0.9966967476940616, 1.007034423797212, 0.8572301401887356, 0.9088442337457165, 0.991504636797007, 0.9815135429053513, 0.9511815501183242, 0.9622928122767154, 0.9547808063424393, 0.8828990750628947]

Epoch Num: 48
[2.517469191359072, 2.377459047211757, 2.330004604308986, 2.4320650076732253, 2.1106035142090596, 2.1146908703583853, 1.968841091462769, 2.026118022849079, 2.041521606102706, 1.9553735367150358, 2.004007283372618, 2.000732402195958, 1.8586761552610918, 1.851601728852431, 1.7622347387159223, 1.8204384201886932, 1.566795654489865, 1.4353730764814752, 1.6185151419239203, 1.3682924203903604, 1.3192991797465756, 1.2521906511081777, 1.2258649197358324, 1.3223309788119102, 1.1113193293332115, 1.2034775287075408, 1.215245325370178, 1.2049494294985634, 1.107806087540515, 1.219560287784313, 1.0825538393930427, 1.1655807276565568, 1.1440512260550608, 0.9776908134796358, 1.094820644736599, 1.1255391162506176, 1.0749060833950066, 0.9966967476940616, 1.007034423797212, 0.8572301401887356, 0.9088442337457165, 0.991504636797007, 0.9815135429053513, 0.9511815501183242, 0.9622928122767154, 0.9547808063424393, 0.8828990750628947, 0.9605807292594527]

Epoch Num: 49
[2.517469191359072, 2.377459047211757, 2.330004604308986, 2.4320650076732253, 2.1106035142090596, 2.1146908703583853, 1.968841091462769, 2.026118022849079, 2.041521606102706, 1.9553735367150358, 2.004007283372618, 2.000732402195958, 1.8586761552610918, 1.851601728852431, 1.7622347387159223, 1.8204384201886932, 1.566795654489865, 1.4353730764814752, 1.6185151419239203, 1.3682924203903604, 1.3192991797465756, 1.2521906511081777, 1.2258649197358324, 1.3223309788119102, 1.1113193293332115, 1.2034775287075408, 1.215245325370178, 1.2049494294985634, 1.107806087540515, 1.219560287784313, 1.0825538393930427, 1.1655807276565568, 1.1440512260550608, 0.9776908134796358, 1.094820644736599, 1.1255391162506176, 1.0749060833950066, 0.9966967476940616, 1.007034423797212, 0.8572301401887356, 0.9088442337457165, 0.991504636797007, 0.9815135429053513, 0.9511815501183242, 0.9622928122767154, 0.9547808063424393, 0.8828990750628947, 0.9605807292594527, 1.0599898458210952]

Epoch Num: 50
[2.517469191359072, 2.377459047211757, 2.330004604308986, 2.4320650076732253, 2.1106035142090596, 2.1146908703583853, 1.968841091462769, 2.026118022849079, 2.041521606102706, 1.9553735367150358, 2.004007283372618, 2.000732402195958, 1.8586761552610918, 1.851601728852431, 1.7622347387159223, 1.8204384201886932, 1.566795654489865, 1.4353730764814752, 1.6185151419239203, 1.3682924203903604, 1.3192991797465756, 1.2521906511081777, 1.2258649197358324, 1.3223309788119102, 1.1113193293332115, 1.2034775287075408, 1.215245325370178, 1.2049494294985634, 1.107806087540515, 1.219560287784313, 1.0825538393930427, 1.1655807276565568, 1.1440512260550608, 0.9776908134796358, 1.094820644736599, 1.1255391162506176, 1.0749060833950066, 0.9966967476940616, 1.007034423797212, 0.8572301401887356, 0.9088442337457165, 0.991504636797007, 0.9815135429053513, 0.9511815501183242, 0.9622928122767154, 0.9547808063424393, 0.8828990750628947, 0.9605807292594527, 1.0599898458210952, 0.9033714259301999]

Epoch Num: 51
[0.9703702483548124]

Epoch Num: 52
[0.9669589598461613]

Epoch Num: 53
[0.9669589598461613, 0.9412140211855802]

Epoch Num: 54
[0.9669589598461613, 0.9412140211855802, 0.9264423676893198]

Epoch Num: 55
[0.9669589598461613, 0.9412140211855802, 0.9264423676893198, 0.9187033110001773]

Epoch Num: 56
[0.9669589598461613, 0.9412140211855802, 0.9264423676893198, 0.9187033110001773, 0.9444182431402576]

Epoch Num: 57
[0.9669589598461613, 0.9412140211855802, 0.9264423676893198, 0.9187033110001773, 0.9444182431402576, 0.8997394443938641]

Epoch Num: 58
[0.9669589598461613, 0.9412140211855802, 0.9264423676893198, 0.9187033110001773, 0.9444182431402576, 0.8997394443938641, 0.9307211478113628]

Epoch Num: 59
[0.9669589598461613, 0.9412140211855802, 0.9264423676893198, 0.9187033110001773, 0.9444182431402576, 0.8997394443938641, 0.9307211478113628, 0.8503548433822523]

Epoch Num: 60
[0.9669589598461613, 0.9412140211855802, 0.9264423676893198, 0.9187033110001773, 0.9444182431402576, 0.8997394443938641, 0.9307211478113628, 0.8503548433822523, 0.9260695135850142]

Epoch Num: 61
[2.517469191359072, 2.377459047211757, 2.330004604308986, 2.4320650076732253, 2.1106035142090596, 2.1146908703583853, 1.968841091462769, 2.026118022849079, 2.041521606102706, 1.9553735367150358, 2.004007283372618, 2.000732402195958, 1.8586761552610918, 1.851601728852431, 1.7622347387159223, 1.8204384201886932, 1.566795654489865, 1.4353730764814752, 1.6185151419239203, 1.3682924203903604, 1.3192991797465756, 1.2521906511081777, 1.2258649197358324, 1.3223309788119102, 1.1113193293332115, 1.2034775287075408, 1.215245325370178, 1.2049494294985634, 1.107806087540515, 1.219560287784313, 1.0825538393930427, 1.1655807276565568, 1.1440512260550608, 0.9776908134796358, 1.094820644736599, 1.1255391162506176, 1.0749060833950066, 0.9966967476940616, 1.007034423797212, 0.8572301401887356, 0.9088442337457165, 0.991504636797007, 0.9815135429053513, 0.9511815501183242, 0.9622928122767154, 0.9547808063424393, 0.8828990750628947, 0.9605807292594527, 1.0599898458210952, 0.9033714259301999, 0.9703702483548124, 0.9669589598461613, 0.9412140211855802, 0.9264423676893198, 0.9187033110001773, 0.9444182431402576, 0.8997394443938641, 0.9307211478113628, 0.8503548433822523, 0.9260695135850142, 0.929330657568959]

