Epoch Num: 1
[9.97]

Epoch Num: 2
[9.97, 9.72]

Epoch Num: 3
[9.97, 9.72, 11.71]

Epoch Num: 4
[9.97, 9.72, 11.71, 10.672]

Epoch Num: 5
[9.97, 9.72, 11.71, 10.672, 11.582]

Epoch Num: 6
[9.97, 9.72, 11.71, 10.672, 11.582, 12.19]

Epoch Num: 7
[9.97, 9.72, 11.71, 10.672, 11.582, 12.19, 12.391]

Epoch Num: 8
[9.97, 9.72, 11.71, 10.672, 11.582, 12.19, 12.391, 12.141]

Epoch Num: 9
[9.97, 9.72, 11.71, 10.672, 11.582, 12.19, 12.391, 12.141, 12.212]

Epoch Num: 10
[9.97, 9.72, 11.71, 10.672, 11.582, 12.19, 12.391, 12.141, 12.212, 12.907]

Epoch Num: 11
[9.97, 9.72, 11.71, 10.672, 11.582, 12.19, 12.391, 12.141, 12.212, 12.907, 12.807]

Epoch Num: 12
[9.97, 9.72, 11.71, 10.672, 11.582, 12.19, 12.391, 12.141, 12.212, 12.907, 12.807, 13.411]

Epoch Num: 13
[9.97, 9.72, 11.71, 10.672, 11.582, 12.19, 12.391, 12.141, 12.212, 12.907, 12.807, 13.411, 13.018]

Epoch Num: 14
[9.97, 9.72, 11.71, 10.672, 11.582, 12.19, 12.391, 12.141, 12.212, 12.907, 12.807, 13.411, 13.018, 13.404]

Epoch Num: 15
[9.97, 9.72, 11.71, 10.672, 11.582, 12.19, 12.391, 12.141, 12.212, 12.907, 12.807, 13.411, 13.018, 13.404, 13.732]

Epoch Num: 16
[9.97, 9.72, 11.71, 10.672, 11.582, 12.19, 12.391, 12.141, 12.212, 12.907, 12.807, 13.411, 13.018, 13.404, 13.732, 14.213]

Epoch Num: 17
[9.97, 9.72, 11.71, 10.672, 11.582, 12.19, 12.391, 12.141, 12.212, 12.907, 12.807, 13.411, 13.018, 13.404, 13.732, 14.213, 14.655]

Epoch Num: 18
[9.97, 9.72, 11.71, 10.672, 11.582, 12.19, 12.391, 12.141, 12.212, 12.907, 12.807, 13.411, 13.018, 13.404, 13.732, 14.213, 14.655, 15.004]

Epoch Num: 19
[9.97, 9.72, 11.71, 10.672, 11.582, 12.19, 12.391, 12.141, 12.212, 12.907, 12.807, 13.411, 13.018, 13.404, 13.732, 14.213, 14.655, 15.004, 15.315]

Epoch Num: 20
[9.97, 9.72, 11.71, 10.672, 11.582, 12.19, 12.391, 12.141, 12.212, 12.907, 12.807, 13.411, 13.018, 13.404, 13.732, 14.213, 14.655, 15.004, 15.315, 14.878]

Epoch Num: 21
[9.97, 9.72, 11.71, 10.672, 11.582, 12.19, 12.391, 12.141, 12.212, 12.907, 12.807, 13.411, 13.018, 13.404, 13.732, 14.213, 14.655, 15.004, 15.315, 14.878, 16.252]

Epoch Num: 22
[9.97, 9.72, 11.71, 10.672, 11.582, 12.19, 12.391, 12.141, 12.212, 12.907, 12.807, 13.411, 13.018, 13.404, 13.732, 14.213, 14.655, 15.004, 15.315, 14.878, 16.252, 16.129]

Epoch Num: 23
[9.97, 9.72, 11.71, 10.672, 11.582, 12.19, 12.391, 12.141, 12.212, 12.907, 12.807, 13.411, 13.018, 13.404, 13.732, 14.213, 14.655, 15.004, 15.315, 14.878, 16.252, 16.129, 16.321]

Epoch Num: 24
[9.97, 9.72, 11.71, 10.672, 11.582, 12.19, 12.391, 12.141, 12.212, 12.907, 12.807, 13.411, 13.018, 13.404, 13.732, 14.213, 14.655, 15.004, 15.315, 14.878, 16.252, 16.129, 16.321, 16.269]

Epoch Num: 25
[9.97, 9.72, 11.71, 10.672, 11.582, 12.19, 12.391, 12.141, 12.212, 12.907, 12.807, 13.411, 13.018, 13.404, 13.732, 14.213, 14.655, 15.004, 15.315, 14.878, 16.252, 16.129, 16.321, 16.269, 17.2]

Epoch Num: 26
[9.97, 9.72, 11.71, 10.672, 11.582, 12.19, 12.391, 12.141, 12.212, 12.907, 12.807, 13.411, 13.018, 13.404, 13.732, 14.213, 14.655, 15.004, 15.315, 14.878, 16.252, 16.129, 16.321, 16.269, 17.2, 17.162]

Epoch Num: 27
[9.97, 9.72, 11.71, 10.672, 11.582, 12.19, 12.391, 12.141, 12.212, 12.907, 12.807, 13.411, 13.018, 13.404, 13.732, 14.213, 14.655, 15.004, 15.315, 14.878, 16.252, 16.129, 16.321, 16.269, 17.2, 17.162, 17.333]

Epoch Num: 28
[9.97, 9.72, 11.71, 10.672, 11.582, 12.19, 12.391, 12.141, 12.212, 12.907, 12.807, 13.411, 13.018, 13.404, 13.732, 14.213, 14.655, 15.004, 15.315, 14.878, 16.252, 16.129, 16.321, 16.269, 17.2, 17.162, 17.333, 17.208]

Epoch Num: 29
[9.97, 9.72, 11.71, 10.672, 11.582, 12.19, 12.391, 12.141, 12.212, 12.907, 12.807, 13.411, 13.018, 13.404, 13.732, 14.213, 14.655, 15.004, 15.315, 14.878, 16.252, 16.129, 16.321, 16.269, 17.2, 17.162, 17.333, 17.208, 17.796]

Epoch Num: 30
[9.97, 9.72, 11.71, 10.672, 11.582, 12.19, 12.391, 12.141, 12.212, 12.907, 12.807, 13.411, 13.018, 13.404, 13.732, 14.213, 14.655, 15.004, 15.315, 14.878, 16.252, 16.129, 16.321, 16.269, 17.2, 17.162, 17.333, 17.208, 17.796, 17.144]

Epoch Num: 31
[9.97, 9.72, 11.71, 10.672, 11.582, 12.19, 12.391, 12.141, 12.212, 12.907, 12.807, 13.411, 13.018, 13.404, 13.732, 14.213, 14.655, 15.004, 15.315, 14.878, 16.252, 16.129, 16.321, 16.269, 17.2, 17.162, 17.333, 17.208, 17.796, 17.144, 17.849]

Epoch Num: 32
[9.97, 9.72, 11.71, 10.672, 11.582, 12.19, 12.391, 12.141, 12.212, 12.907, 12.807, 13.411, 13.018, 13.404, 13.732, 14.213, 14.655, 15.004, 15.315, 14.878, 16.252, 16.129, 16.321, 16.269, 17.2, 17.162, 17.333, 17.208, 17.796, 17.144, 17.849, 17.783]

Epoch Num: 33
[9.97, 9.72, 11.71, 10.672, 11.582, 12.19, 12.391, 12.141, 12.212, 12.907, 12.807, 13.411, 13.018, 13.404, 13.732, 14.213, 14.655, 15.004, 15.315, 14.878, 16.252, 16.129, 16.321, 16.269, 17.2, 17.162, 17.333, 17.208, 17.796, 17.144, 17.849, 17.783, 18.001]

Epoch Num: 34
[9.97, 9.72, 11.71, 10.672, 11.582, 12.19, 12.391, 12.141, 12.212, 12.907, 12.807, 13.411, 13.018, 13.404, 13.732, 14.213, 14.655, 15.004, 15.315, 14.878, 16.252, 16.129, 16.321, 16.269, 17.2, 17.162, 17.333, 17.208, 17.796, 17.144, 17.849, 17.783, 18.001, 18.203]

Epoch Num: 35
[9.97, 9.72, 11.71, 10.672, 11.582, 12.19, 12.391, 12.141, 12.212, 12.907, 12.807, 13.411, 13.018, 13.404, 13.732, 14.213, 14.655, 15.004, 15.315, 14.878, 16.252, 16.129, 16.321, 16.269, 17.2, 17.162, 17.333, 17.208, 17.796, 17.144, 17.849, 17.783, 18.001, 18.203, 17.652]

Epoch Num: 36
[9.97, 9.72, 11.71, 10.672, 11.582, 12.19, 12.391, 12.141, 12.212, 12.907, 12.807, 13.411, 13.018, 13.404, 13.732, 14.213, 14.655, 15.004, 15.315, 14.878, 16.252, 16.129, 16.321, 16.269, 17.2, 17.162, 17.333, 17.208, 17.796, 17.144, 17.849, 17.783, 18.001, 18.203, 17.652, 17.931]

Epoch Num: 37
[9.97, 9.72, 11.71, 10.672, 11.582, 12.19, 12.391, 12.141, 12.212, 12.907, 12.807, 13.411, 13.018, 13.404, 13.732, 14.213, 14.655, 15.004, 15.315, 14.878, 16.252, 16.129, 16.321, 16.269, 17.2, 17.162, 17.333, 17.208, 17.796, 17.144, 17.849, 17.783, 18.001, 18.203, 17.652, 17.931, 18.43]

Epoch Num: 38
[9.97, 9.72, 11.71, 10.672, 11.582, 12.19, 12.391, 12.141, 12.212, 12.907, 12.807, 13.411, 13.018, 13.404, 13.732, 14.213, 14.655, 15.004, 15.315, 14.878, 16.252, 16.129, 16.321, 16.269, 17.2, 17.162, 17.333, 17.208, 17.796, 17.144, 17.849, 17.783, 18.001, 18.203, 17.652, 17.931, 18.43, 18.911]

Epoch Num: 39
[9.97, 9.72, 11.71, 10.672, 11.582, 12.19, 12.391, 12.141, 12.212, 12.907, 12.807, 13.411, 13.018, 13.404, 13.732, 14.213, 14.655, 15.004, 15.315, 14.878, 16.252, 16.129, 16.321, 16.269, 17.2, 17.162, 17.333, 17.208, 17.796, 17.144, 17.849, 17.783, 18.001, 18.203, 17.652, 17.931, 18.43, 18.911, 17.957]

Epoch Num: 40
[9.97, 9.72, 11.71, 10.672, 11.582, 12.19, 12.391, 12.141, 12.212, 12.907, 12.807, 13.411, 13.018, 13.404, 13.732, 14.213, 14.655, 15.004, 15.315, 14.878, 16.252, 16.129, 16.321, 16.269, 17.2, 17.162, 17.333, 17.208, 17.796, 17.144, 17.849, 17.783, 18.001, 18.203, 17.652, 17.931, 18.43, 18.911, 17.957, 18.304]

Epoch Num: 41
[9.97, 9.72, 11.71, 10.672, 11.582, 12.19, 12.391, 12.141, 12.212, 12.907, 12.807, 13.411, 13.018, 13.404, 13.732, 14.213, 14.655, 15.004, 15.315, 14.878, 16.252, 16.129, 16.321, 16.269, 17.2, 17.162, 17.333, 17.208, 17.796, 17.144, 17.849, 17.783, 18.001, 18.203, 17.652, 17.931, 18.43, 18.911, 17.957, 18.304, 18.208]

Epoch Num: 42
[9.97, 9.72, 11.71, 10.672, 11.582, 12.19, 12.391, 12.141, 12.212, 12.907, 12.807, 13.411, 13.018, 13.404, 13.732, 14.213, 14.655, 15.004, 15.315, 14.878, 16.252, 16.129, 16.321, 16.269, 17.2, 17.162, 17.333, 17.208, 17.796, 17.144, 17.849, 17.783, 18.001, 18.203, 17.652, 17.931, 18.43, 18.911, 17.957, 18.304, 18.208, 18.399]

Epoch Num: 43
[9.97, 9.72, 11.71, 10.672, 11.582, 12.19, 12.391, 12.141, 12.212, 12.907, 12.807, 13.411, 13.018, 13.404, 13.732, 14.213, 14.655, 15.004, 15.315, 14.878, 16.252, 16.129, 16.321, 16.269, 17.2, 17.162, 17.333, 17.208, 17.796, 17.144, 17.849, 17.783, 18.001, 18.203, 17.652, 17.931, 18.43, 18.911, 17.957, 18.304, 18.208, 18.399, 18.897]

Epoch Num: 44
[9.97, 9.72, 11.71, 10.672, 11.582, 12.19, 12.391, 12.141, 12.212, 12.907, 12.807, 13.411, 13.018, 13.404, 13.732, 14.213, 14.655, 15.004, 15.315, 14.878, 16.252, 16.129, 16.321, 16.269, 17.2, 17.162, 17.333, 17.208, 17.796, 17.144, 17.849, 17.783, 18.001, 18.203, 17.652, 17.931, 18.43, 18.911, 17.957, 18.304, 18.208, 18.399, 18.897, 18.945]

Epoch Num: 45
[9.97, 9.72, 11.71, 10.672, 11.582, 12.19, 12.391, 12.141, 12.212, 12.907, 12.807, 13.411, 13.018, 13.404, 13.732, 14.213, 14.655, 15.004, 15.315, 14.878, 16.252, 16.129, 16.321, 16.269, 17.2, 17.162, 17.333, 17.208, 17.796, 17.144, 17.849, 17.783, 18.001, 18.203, 17.652, 17.931, 18.43, 18.911, 17.957, 18.304, 18.208, 18.399, 18.897, 18.945, 18.575]

Epoch Num: 46
[9.97, 9.72, 11.71, 10.672, 11.582, 12.19, 12.391, 12.141, 12.212, 12.907, 12.807, 13.411, 13.018, 13.404, 13.732, 14.213, 14.655, 15.004, 15.315, 14.878, 16.252, 16.129, 16.321, 16.269, 17.2, 17.162, 17.333, 17.208, 17.796, 17.144, 17.849, 17.783, 18.001, 18.203, 17.652, 17.931, 18.43, 18.911, 17.957, 18.304, 18.208, 18.399, 18.897, 18.945, 18.575, 18.862]

Epoch Num: 47
[9.97, 9.72, 11.71, 10.672, 11.582, 12.19, 12.391, 12.141, 12.212, 12.907, 12.807, 13.411, 13.018, 13.404, 13.732, 14.213, 14.655, 15.004, 15.315, 14.878, 16.252, 16.129, 16.321, 16.269, 17.2, 17.162, 17.333, 17.208, 17.796, 17.144, 17.849, 17.783, 18.001, 18.203, 17.652, 17.931, 18.43, 18.911, 17.957, 18.304, 18.208, 18.399, 18.897, 18.945, 18.575, 18.862, 18.609]

Epoch Num: 48
[9.97, 9.72, 11.71, 10.672, 11.582, 12.19, 12.391, 12.141, 12.212, 12.907, 12.807, 13.411, 13.018, 13.404, 13.732, 14.213, 14.655, 15.004, 15.315, 14.878, 16.252, 16.129, 16.321, 16.269, 17.2, 17.162, 17.333, 17.208, 17.796, 17.144, 17.849, 17.783, 18.001, 18.203, 17.652, 17.931, 18.43, 18.911, 17.957, 18.304, 18.208, 18.399, 18.897, 18.945, 18.575, 18.862, 18.609, 18.039]

Epoch Num: 49
[9.97, 9.72, 11.71, 10.672, 11.582, 12.19, 12.391, 12.141, 12.212, 12.907, 12.807, 13.411, 13.018, 13.404, 13.732, 14.213, 14.655, 15.004, 15.315, 14.878, 16.252, 16.129, 16.321, 16.269, 17.2, 17.162, 17.333, 17.208, 17.796, 17.144, 17.849, 17.783, 18.001, 18.203, 17.652, 17.931, 18.43, 18.911, 17.957, 18.304, 18.208, 18.399, 18.897, 18.945, 18.575, 18.862, 18.609, 18.039, 19.343]

Epoch Num: 50
[9.97, 9.72, 11.71, 10.672, 11.582, 12.19, 12.391, 12.141, 12.212, 12.907, 12.807, 13.411, 13.018, 13.404, 13.732, 14.213, 14.655, 15.004, 15.315, 14.878, 16.252, 16.129, 16.321, 16.269, 17.2, 17.162, 17.333, 17.208, 17.796, 17.144, 17.849, 17.783, 18.001, 18.203, 17.652, 17.931, 18.43, 18.911, 17.957, 18.304, 18.208, 18.399, 18.897, 18.945, 18.575, 18.862, 18.609, 18.039, 19.343, 18.951]

Epoch Num: 51
[18.916]

Epoch Num: 52
[18.989]

Epoch Num: 53
[18.989, 18.961]

Epoch Num: 54
[18.989, 18.961, 19.2]

Epoch Num: 55
[18.989, 18.961, 19.2, 19.196]

Epoch Num: 56
[18.989, 18.961, 19.2, 19.196, 18.938]

Epoch Num: 57
[18.989, 18.961, 19.2, 19.196, 18.938, 19.788]

Epoch Num: 58
[18.989, 18.961, 19.2, 19.196, 18.938, 19.788, 19.544]

Epoch Num: 59
[18.989, 18.961, 19.2, 19.196, 18.938, 19.788, 19.544, 20.232]

Epoch Num: 60
[18.989, 18.961, 19.2, 19.196, 18.938, 19.788, 19.544, 20.232, 19.391]

Epoch Num: 61
[9.97, 9.72, 11.71, 10.672, 11.582, 12.19, 12.391, 12.141, 12.212, 12.907, 12.807, 13.411, 13.018, 13.404, 13.732, 14.213, 14.655, 15.004, 15.315, 14.878, 16.252, 16.129, 16.321, 16.269, 17.2, 17.162, 17.333, 17.208, 17.796, 17.144, 17.849, 17.783, 18.001, 18.203, 17.652, 17.931, 18.43, 18.911, 17.957, 18.304, 18.208, 18.399, 18.897, 18.945, 18.575, 18.862, 18.609, 18.039, 19.343, 18.951, 18.916, 18.989, 18.961, 19.2, 19.196, 18.938, 19.788, 19.544, 20.232, 19.391, 18.949]

