Epoch Num: 1
[0.713375]

Epoch Num: 2
[0.713375, 0.719375]

Epoch Num: 3
[0.713375, 0.719375, 0.6665625]

Epoch Num: 4
[0.713375, 0.719375, 0.6665625, 0.69075]

Epoch Num: 5
[0.713375, 0.719375, 0.6665625, 0.69075, 0.66740625]

Epoch Num: 6
[0.713375, 0.719375, 0.6665625, 0.69075, 0.66740625, 0.655875]

Epoch Num: 7
[0.713375, 0.719375, 0.6665625, 0.69075, 0.66740625, 0.655875, 0.656]

Epoch Num: 8
[0.713375, 0.719375, 0.6665625, 0.69075, 0.66740625, 0.655875, 0.656, 0.6605625]

Epoch Num: 9
[0.713375, 0.719375, 0.6665625, 0.69075, 0.66740625, 0.655875, 0.656, 0.6605625, 0.661]

Epoch Num: 10
[0.713375, 0.719375, 0.6665625, 0.69075, 0.66740625, 0.655875, 0.656, 0.6605625, 0.661, 0.65834375]

Epoch Num: 11
[0.713375, 0.719375, 0.6665625, 0.69075, 0.66740625, 0.655875, 0.656, 0.6605625, 0.661, 0.65834375, 0.67334375]

Epoch Num: 12
[0.713375, 0.719375, 0.6665625, 0.69075, 0.66740625, 0.655875, 0.656, 0.6605625, 0.661, 0.65834375, 0.67334375, 0.68140625]

Epoch Num: 13
[0.713375, 0.719375, 0.6665625, 0.69075, 0.66740625, 0.655875, 0.656, 0.6605625, 0.661, 0.65834375, 0.67334375, 0.68140625, 0.69096875]

Epoch Num: 14
[0.713375, 0.719375, 0.6665625, 0.69075, 0.66740625, 0.655875, 0.656, 0.6605625, 0.661, 0.65834375, 0.67334375, 0.68140625, 0.69096875, 0.69409375]

Epoch Num: 15
[0.713375, 0.719375, 0.6665625, 0.69075, 0.66740625, 0.655875, 0.656, 0.6605625, 0.661, 0.65834375, 0.67334375, 0.68140625, 0.69096875, 0.69409375, 0.70228125]

Epoch Num: 16
[0.713375, 0.719375, 0.6665625, 0.69075, 0.66740625, 0.655875, 0.656, 0.6605625, 0.661, 0.65834375, 0.67334375, 0.68140625, 0.69096875, 0.69409375, 0.70228125, 0.694875]

Epoch Num: 17
[0.713375, 0.719375, 0.6665625, 0.69075, 0.66740625, 0.655875, 0.656, 0.6605625, 0.661, 0.65834375, 0.67334375, 0.68140625, 0.69096875, 0.69409375, 0.70228125, 0.694875, 0.69909375]

Epoch Num: 18
[0.713375, 0.719375, 0.6665625, 0.69075, 0.66740625, 0.655875, 0.656, 0.6605625, 0.661, 0.65834375, 0.67334375, 0.68140625, 0.69096875, 0.69409375, 0.70228125, 0.694875, 0.69909375, 0.707375]

Epoch Num: 19
[0.713375, 0.719375, 0.6665625, 0.69075, 0.66740625, 0.655875, 0.656, 0.6605625, 0.661, 0.65834375, 0.67334375, 0.68140625, 0.69096875, 0.69409375, 0.70228125, 0.694875, 0.69909375, 0.707375, 0.70140625]

Epoch Num: 20
[0.713375, 0.719375, 0.6665625, 0.69075, 0.66740625, 0.655875, 0.656, 0.6605625, 0.661, 0.65834375, 0.67334375, 0.68140625, 0.69096875, 0.69409375, 0.70228125, 0.694875, 0.69909375, 0.707375, 0.70140625, 0.71384375]

Epoch Num: 21
[0.713375, 0.719375, 0.6665625, 0.69075, 0.66740625, 0.655875, 0.656, 0.6605625, 0.661, 0.65834375, 0.67334375, 0.68140625, 0.69096875, 0.69409375, 0.70228125, 0.694875, 0.69909375, 0.707375, 0.70140625, 0.71384375, 0.70975]

Epoch Num: 22
[0.713375, 0.719375, 0.6665625, 0.69075, 0.66740625, 0.655875, 0.656, 0.6605625, 0.661, 0.65834375, 0.67334375, 0.68140625, 0.69096875, 0.69409375, 0.70228125, 0.694875, 0.69909375, 0.707375, 0.70140625, 0.71384375, 0.70975, 0.7091875]

Epoch Num: 23
[0.713375, 0.719375, 0.6665625, 0.69075, 0.66740625, 0.655875, 0.656, 0.6605625, 0.661, 0.65834375, 0.67334375, 0.68140625, 0.69096875, 0.69409375, 0.70228125, 0.694875, 0.69909375, 0.707375, 0.70140625, 0.71384375, 0.70975, 0.7091875, 0.710375]

Epoch Num: 24
[0.713375, 0.719375, 0.6665625, 0.69075, 0.66740625, 0.655875, 0.656, 0.6605625, 0.661, 0.65834375, 0.67334375, 0.68140625, 0.69096875, 0.69409375, 0.70228125, 0.694875, 0.69909375, 0.707375, 0.70140625, 0.71384375, 0.70975, 0.7091875, 0.710375, 0.71603125]

Epoch Num: 25
[0.713375, 0.719375, 0.6665625, 0.69075, 0.66740625, 0.655875, 0.656, 0.6605625, 0.661, 0.65834375, 0.67334375, 0.68140625, 0.69096875, 0.69409375, 0.70228125, 0.694875, 0.69909375, 0.707375, 0.70140625, 0.71384375, 0.70975, 0.7091875, 0.710375, 0.71603125, 0.7221875]

Epoch Num: 26
[0.713375, 0.719375, 0.6665625, 0.69075, 0.66740625, 0.655875, 0.656, 0.6605625, 0.661, 0.65834375, 0.67334375, 0.68140625, 0.69096875, 0.69409375, 0.70228125, 0.694875, 0.69909375, 0.707375, 0.70140625, 0.71384375, 0.70975, 0.7091875, 0.710375, 0.71603125, 0.7221875, 0.7135625]

Epoch Num: 27
[0.713375, 0.719375, 0.6665625, 0.69075, 0.66740625, 0.655875, 0.656, 0.6605625, 0.661, 0.65834375, 0.67334375, 0.68140625, 0.69096875, 0.69409375, 0.70228125, 0.694875, 0.69909375, 0.707375, 0.70140625, 0.71384375, 0.70975, 0.7091875, 0.710375, 0.71603125, 0.7221875, 0.7135625, 0.71784375]

Epoch Num: 28
[0.713375, 0.719375, 0.6665625, 0.69075, 0.66740625, 0.655875, 0.656, 0.6605625, 0.661, 0.65834375, 0.67334375, 0.68140625, 0.69096875, 0.69409375, 0.70228125, 0.694875, 0.69909375, 0.707375, 0.70140625, 0.71384375, 0.70975, 0.7091875, 0.710375, 0.71603125, 0.7221875, 0.7135625, 0.71784375, 0.7216875]

Epoch Num: 29
[0.713375, 0.719375, 0.6665625, 0.69075, 0.66740625, 0.655875, 0.656, 0.6605625, 0.661, 0.65834375, 0.67334375, 0.68140625, 0.69096875, 0.69409375, 0.70228125, 0.694875, 0.69909375, 0.707375, 0.70140625, 0.71384375, 0.70975, 0.7091875, 0.710375, 0.71603125, 0.7221875, 0.7135625, 0.71784375, 0.7216875, 0.73034375]

Epoch Num: 30
[0.713375, 0.719375, 0.6665625, 0.69075, 0.66740625, 0.655875, 0.656, 0.6605625, 0.661, 0.65834375, 0.67334375, 0.68140625, 0.69096875, 0.69409375, 0.70228125, 0.694875, 0.69909375, 0.707375, 0.70140625, 0.71384375, 0.70975, 0.7091875, 0.710375, 0.71603125, 0.7221875, 0.7135625, 0.71784375, 0.7216875, 0.73034375, 0.73165625]

Epoch Num: 31
[0.713375, 0.719375, 0.6665625, 0.69075, 0.66740625, 0.655875, 0.656, 0.6605625, 0.661, 0.65834375, 0.67334375, 0.68140625, 0.69096875, 0.69409375, 0.70228125, 0.694875, 0.69909375, 0.707375, 0.70140625, 0.71384375, 0.70975, 0.7091875, 0.710375, 0.71603125, 0.7221875, 0.7135625, 0.71784375, 0.7216875, 0.73034375, 0.73165625, 0.72725]

Epoch Num: 32
[0.713375, 0.719375, 0.6665625, 0.69075, 0.66740625, 0.655875, 0.656, 0.6605625, 0.661, 0.65834375, 0.67334375, 0.68140625, 0.69096875, 0.69409375, 0.70228125, 0.694875, 0.69909375, 0.707375, 0.70140625, 0.71384375, 0.70975, 0.7091875, 0.710375, 0.71603125, 0.7221875, 0.7135625, 0.71784375, 0.7216875, 0.73034375, 0.73165625, 0.72725, 0.73490625]

Epoch Num: 33
[0.713375, 0.719375, 0.6665625, 0.69075, 0.66740625, 0.655875, 0.656, 0.6605625, 0.661, 0.65834375, 0.67334375, 0.68140625, 0.69096875, 0.69409375, 0.70228125, 0.694875, 0.69909375, 0.707375, 0.70140625, 0.71384375, 0.70975, 0.7091875, 0.710375, 0.71603125, 0.7221875, 0.7135625, 0.71784375, 0.7216875, 0.73034375, 0.73165625, 0.72725, 0.73490625, 0.728375]

Epoch Num: 34
[0.713375, 0.719375, 0.6665625, 0.69075, 0.66740625, 0.655875, 0.656, 0.6605625, 0.661, 0.65834375, 0.67334375, 0.68140625, 0.69096875, 0.69409375, 0.70228125, 0.694875, 0.69909375, 0.707375, 0.70140625, 0.71384375, 0.70975, 0.7091875, 0.710375, 0.71603125, 0.7221875, 0.7135625, 0.71784375, 0.7216875, 0.73034375, 0.73165625, 0.72725, 0.73490625, 0.728375, 0.732875]

Epoch Num: 35
[0.713375, 0.719375, 0.6665625, 0.69075, 0.66740625, 0.655875, 0.656, 0.6605625, 0.661, 0.65834375, 0.67334375, 0.68140625, 0.69096875, 0.69409375, 0.70228125, 0.694875, 0.69909375, 0.707375, 0.70140625, 0.71384375, 0.70975, 0.7091875, 0.710375, 0.71603125, 0.7221875, 0.7135625, 0.71784375, 0.7216875, 0.73034375, 0.73165625, 0.72725, 0.73490625, 0.728375, 0.732875, 0.74009375]

Epoch Num: 36
[0.713375, 0.719375, 0.6665625, 0.69075, 0.66740625, 0.655875, 0.656, 0.6605625, 0.661, 0.65834375, 0.67334375, 0.68140625, 0.69096875, 0.69409375, 0.70228125, 0.694875, 0.69909375, 0.707375, 0.70140625, 0.71384375, 0.70975, 0.7091875, 0.710375, 0.71603125, 0.7221875, 0.7135625, 0.71784375, 0.7216875, 0.73034375, 0.73165625, 0.72725, 0.73490625, 0.728375, 0.732875, 0.74009375, 0.73178125]

Epoch Num: 37
[0.713375, 0.719375, 0.6665625, 0.69075, 0.66740625, 0.655875, 0.656, 0.6605625, 0.661, 0.65834375, 0.67334375, 0.68140625, 0.69096875, 0.69409375, 0.70228125, 0.694875, 0.69909375, 0.707375, 0.70140625, 0.71384375, 0.70975, 0.7091875, 0.710375, 0.71603125, 0.7221875, 0.7135625, 0.71784375, 0.7216875, 0.73034375, 0.73165625, 0.72725, 0.73490625, 0.728375, 0.732875, 0.74009375, 0.73178125, 0.74434375]

Epoch Num: 38
[0.713375, 0.719375, 0.6665625, 0.69075, 0.66740625, 0.655875, 0.656, 0.6605625, 0.661, 0.65834375, 0.67334375, 0.68140625, 0.69096875, 0.69409375, 0.70228125, 0.694875, 0.69909375, 0.707375, 0.70140625, 0.71384375, 0.70975, 0.7091875, 0.710375, 0.71603125, 0.7221875, 0.7135625, 0.71784375, 0.7216875, 0.73034375, 0.73165625, 0.72725, 0.73490625, 0.728375, 0.732875, 0.74009375, 0.73178125, 0.74434375, 0.74428125]

Epoch Num: 39
[0.713375, 0.719375, 0.6665625, 0.69075, 0.66740625, 0.655875, 0.656, 0.6605625, 0.661, 0.65834375, 0.67334375, 0.68140625, 0.69096875, 0.69409375, 0.70228125, 0.694875, 0.69909375, 0.707375, 0.70140625, 0.71384375, 0.70975, 0.7091875, 0.710375, 0.71603125, 0.7221875, 0.7135625, 0.71784375, 0.7216875, 0.73034375, 0.73165625, 0.72725, 0.73490625, 0.728375, 0.732875, 0.74009375, 0.73178125, 0.74434375, 0.74428125, 0.735125]

Epoch Num: 40
[0.713375, 0.719375, 0.6665625, 0.69075, 0.66740625, 0.655875, 0.656, 0.6605625, 0.661, 0.65834375, 0.67334375, 0.68140625, 0.69096875, 0.69409375, 0.70228125, 0.694875, 0.69909375, 0.707375, 0.70140625, 0.71384375, 0.70975, 0.7091875, 0.710375, 0.71603125, 0.7221875, 0.7135625, 0.71784375, 0.7216875, 0.73034375, 0.73165625, 0.72725, 0.73490625, 0.728375, 0.732875, 0.74009375, 0.73178125, 0.74434375, 0.74428125, 0.735125, 0.7325]

Epoch Num: 41
[0.713375, 0.719375, 0.6665625, 0.69075, 0.66740625, 0.655875, 0.656, 0.6605625, 0.661, 0.65834375, 0.67334375, 0.68140625, 0.69096875, 0.69409375, 0.70228125, 0.694875, 0.69909375, 0.707375, 0.70140625, 0.71384375, 0.70975, 0.7091875, 0.710375, 0.71603125, 0.7221875, 0.7135625, 0.71784375, 0.7216875, 0.73034375, 0.73165625, 0.72725, 0.73490625, 0.728375, 0.732875, 0.74009375, 0.73178125, 0.74434375, 0.74428125, 0.735125, 0.7325, 0.7478125]

Epoch Num: 42
[0.713375, 0.719375, 0.6665625, 0.69075, 0.66740625, 0.655875, 0.656, 0.6605625, 0.661, 0.65834375, 0.67334375, 0.68140625, 0.69096875, 0.69409375, 0.70228125, 0.694875, 0.69909375, 0.707375, 0.70140625, 0.71384375, 0.70975, 0.7091875, 0.710375, 0.71603125, 0.7221875, 0.7135625, 0.71784375, 0.7216875, 0.73034375, 0.73165625, 0.72725, 0.73490625, 0.728375, 0.732875, 0.74009375, 0.73178125, 0.74434375, 0.74428125, 0.735125, 0.7325, 0.7478125, 0.7458125]

Epoch Num: 43
[0.713375, 0.719375, 0.6665625, 0.69075, 0.66740625, 0.655875, 0.656, 0.6605625, 0.661, 0.65834375, 0.67334375, 0.68140625, 0.69096875, 0.69409375, 0.70228125, 0.694875, 0.69909375, 0.707375, 0.70140625, 0.71384375, 0.70975, 0.7091875, 0.710375, 0.71603125, 0.7221875, 0.7135625, 0.71784375, 0.7216875, 0.73034375, 0.73165625, 0.72725, 0.73490625, 0.728375, 0.732875, 0.74009375, 0.73178125, 0.74434375, 0.74428125, 0.735125, 0.7325, 0.7478125, 0.7458125, 0.74421875]

Epoch Num: 44
[0.713375, 0.719375, 0.6665625, 0.69075, 0.66740625, 0.655875, 0.656, 0.6605625, 0.661, 0.65834375, 0.67334375, 0.68140625, 0.69096875, 0.69409375, 0.70228125, 0.694875, 0.69909375, 0.707375, 0.70140625, 0.71384375, 0.70975, 0.7091875, 0.710375, 0.71603125, 0.7221875, 0.7135625, 0.71784375, 0.7216875, 0.73034375, 0.73165625, 0.72725, 0.73490625, 0.728375, 0.732875, 0.74009375, 0.73178125, 0.74434375, 0.74428125, 0.735125, 0.7325, 0.7478125, 0.7458125, 0.74421875, 0.74234375]

Epoch Num: 45
[0.713375, 0.719375, 0.6665625, 0.69075, 0.66740625, 0.655875, 0.656, 0.6605625, 0.661, 0.65834375, 0.67334375, 0.68140625, 0.69096875, 0.69409375, 0.70228125, 0.694875, 0.69909375, 0.707375, 0.70140625, 0.71384375, 0.70975, 0.7091875, 0.710375, 0.71603125, 0.7221875, 0.7135625, 0.71784375, 0.7216875, 0.73034375, 0.73165625, 0.72725, 0.73490625, 0.728375, 0.732875, 0.74009375, 0.73178125, 0.74434375, 0.74428125, 0.735125, 0.7325, 0.7478125, 0.7458125, 0.74421875, 0.74234375, 0.7554375]

Epoch Num: 46
[0.713375, 0.719375, 0.6665625, 0.69075, 0.66740625, 0.655875, 0.656, 0.6605625, 0.661, 0.65834375, 0.67334375, 0.68140625, 0.69096875, 0.69409375, 0.70228125, 0.694875, 0.69909375, 0.707375, 0.70140625, 0.71384375, 0.70975, 0.7091875, 0.710375, 0.71603125, 0.7221875, 0.7135625, 0.71784375, 0.7216875, 0.73034375, 0.73165625, 0.72725, 0.73490625, 0.728375, 0.732875, 0.74009375, 0.73178125, 0.74434375, 0.74428125, 0.735125, 0.7325, 0.7478125, 0.7458125, 0.74421875, 0.74234375, 0.7554375, 0.75053125]

Epoch Num: 47
[0.713375, 0.719375, 0.6665625, 0.69075, 0.66740625, 0.655875, 0.656, 0.6605625, 0.661, 0.65834375, 0.67334375, 0.68140625, 0.69096875, 0.69409375, 0.70228125, 0.694875, 0.69909375, 0.707375, 0.70140625, 0.71384375, 0.70975, 0.7091875, 0.710375, 0.71603125, 0.7221875, 0.7135625, 0.71784375, 0.7216875, 0.73034375, 0.73165625, 0.72725, 0.73490625, 0.728375, 0.732875, 0.74009375, 0.73178125, 0.74434375, 0.74428125, 0.735125, 0.7325, 0.7478125, 0.7458125, 0.74421875, 0.74234375, 0.7554375, 0.75053125, 0.750125]

Epoch Num: 48
[0.713375, 0.719375, 0.6665625, 0.69075, 0.66740625, 0.655875, 0.656, 0.6605625, 0.661, 0.65834375, 0.67334375, 0.68140625, 0.69096875, 0.69409375, 0.70228125, 0.694875, 0.69909375, 0.707375, 0.70140625, 0.71384375, 0.70975, 0.7091875, 0.710375, 0.71603125, 0.7221875, 0.7135625, 0.71784375, 0.7216875, 0.73034375, 0.73165625, 0.72725, 0.73490625, 0.728375, 0.732875, 0.74009375, 0.73178125, 0.74434375, 0.74428125, 0.735125, 0.7325, 0.7478125, 0.7458125, 0.74421875, 0.74234375, 0.7554375, 0.75053125, 0.750125, 0.75678125]

Epoch Num: 49
[0.713375, 0.719375, 0.6665625, 0.69075, 0.66740625, 0.655875, 0.656, 0.6605625, 0.661, 0.65834375, 0.67334375, 0.68140625, 0.69096875, 0.69409375, 0.70228125, 0.694875, 0.69909375, 0.707375, 0.70140625, 0.71384375, 0.70975, 0.7091875, 0.710375, 0.71603125, 0.7221875, 0.7135625, 0.71784375, 0.7216875, 0.73034375, 0.73165625, 0.72725, 0.73490625, 0.728375, 0.732875, 0.74009375, 0.73178125, 0.74434375, 0.74428125, 0.735125, 0.7325, 0.7478125, 0.7458125, 0.74421875, 0.74234375, 0.7554375, 0.75053125, 0.750125, 0.75678125, 0.7505625]

Epoch Num: 50
[0.713375, 0.719375, 0.6665625, 0.69075, 0.66740625, 0.655875, 0.656, 0.6605625, 0.661, 0.65834375, 0.67334375, 0.68140625, 0.69096875, 0.69409375, 0.70228125, 0.694875, 0.69909375, 0.707375, 0.70140625, 0.71384375, 0.70975, 0.7091875, 0.710375, 0.71603125, 0.7221875, 0.7135625, 0.71784375, 0.7216875, 0.73034375, 0.73165625, 0.72725, 0.73490625, 0.728375, 0.732875, 0.74009375, 0.73178125, 0.74434375, 0.74428125, 0.735125, 0.7325, 0.7478125, 0.7458125, 0.74421875, 0.74234375, 0.7554375, 0.75053125, 0.750125, 0.75678125, 0.7505625, 0.75215625]

Epoch Num: 51
[0.7555625]

Epoch Num: 52
[0.759125]

Epoch Num: 53
[0.759125, 0.743]

Epoch Num: 54
[0.759125, 0.743, 0.75296875]

Epoch Num: 55
[0.759125, 0.743, 0.75296875, 0.75440625]

Epoch Num: 56
[0.759125, 0.743, 0.75296875, 0.75440625, 0.75346875]

Epoch Num: 57
[0.759125, 0.743, 0.75296875, 0.75440625, 0.75346875, 0.75328125]

Epoch Num: 58
[0.759125, 0.743, 0.75296875, 0.75440625, 0.75346875, 0.75328125, 0.762375]

Epoch Num: 59
[0.759125, 0.743, 0.75296875, 0.75440625, 0.75346875, 0.75328125, 0.762375, 0.75790625]

Epoch Num: 60
[0.759125, 0.743, 0.75296875, 0.75440625, 0.75346875, 0.75328125, 0.762375, 0.75790625, 0.76128125]

Epoch Num: 61
[0.713375, 0.719375, 0.6665625, 0.69075, 0.66740625, 0.655875, 0.656, 0.6605625, 0.661, 0.65834375, 0.67334375, 0.68140625, 0.69096875, 0.69409375, 0.70228125, 0.694875, 0.69909375, 0.707375, 0.70140625, 0.71384375, 0.70975, 0.7091875, 0.710375, 0.71603125, 0.7221875, 0.7135625, 0.71784375, 0.7216875, 0.73034375, 0.73165625, 0.72725, 0.73490625, 0.728375, 0.732875, 0.74009375, 0.73178125, 0.74434375, 0.74428125, 0.735125, 0.7325, 0.7478125, 0.7458125, 0.74421875, 0.74234375, 0.7554375, 0.75053125, 0.750125, 0.75678125, 0.7505625, 0.75215625, 0.7555625, 0.759125, 0.743, 0.75296875, 0.75440625, 0.75346875, 0.75328125, 0.762375, 0.75790625, 0.76128125, 0.75521875]

